45.420609,-122.675671
45.419388,-122.665197
45.420703,-122.675152
45.420217,-122.67307
45.420411,-122.67268
45.363509,-122.593886
45.384645,-122.602873
45.38472,-122.60319
45.384046,-122.601099
45.38414,-122.601137
45.385893,-122.604724
45.385908,-122.604963
45.384222,-122.598181
45.384203,-122.597396
45.54267,-122.569774
45.543152,-122.570032
45.545655,-122.570035
45.520284,-123.044484
45.520994,-123.059167
45.52097,-123.056836
45.520985,-123.054208
45.520981,-123.051781
45.52046,-123.047696
45.521026,-123.067234
45.588584,-122.711677
45.587746,-122.705606
45.587769,-122.707831
45.587877,-122.707734
45.58777,-122.71025
45.587885,-122.710217
45.559061,-122.661064
45.559046,-122.654736
45.559165,-122.654485
45.559046,-122.652745
45.559153,-122.652531
45.559032,-122.649877
45.559157,-122.649524
45.559041,-122.646899
45.55912,-122.64668
45.559009,-122.641042
45.559117,-122.640805
45.559,-122.637997
45.559091,-122.637779
45.45854,-122.592013
45.458637,-122.591826
45.559067,-122.65667
45.559153,-122.656451
45.566631,-122.674812
45.566135,-122.674991
45.558897,-122.674919
45.558749,-122.67512
45.557073,-122.674851
45.556627,-122.675025
45.573291,-122.674735
45.573495,-122.67494
45.575048,-122.674715
45.575193,-122.67491
45.571672,-122.674756
45.571831,-122.674942
45.562956,-122.674874
45.56241,-122.675036
45.576941,-122.67489
45.570318,-122.674768
45.569639,-122.67498
45.576869,-122.674693
45.476406,-122.809463
45.476401,-122.81212
45.476537,-122.81232
45.476366,-122.805796
45.476549,-122.805243
45.476379,-122.817344
45.47658,-122.817005
45.476381,-122.824755
45.476526,-122.809236
45.476402,-122.819245
45.476545,-122.819677
45.476395,-122.821335
45.476557,-122.821376
45.5567,-122.703878
45.579391,-122.644007
45.376432,-122.598823
45.3766,-122.598664
45.377061,-122.596965
45.377232,-122.596822
45.3777,-122.595057
45.377864,-122.594889
45.380385,-122.586848
45.38057,-122.586677
45.379322,-122.590089
45.379553,-122.589754
45.37596,-122.600892
45.378217,-122.593418
45.378434,-122.593186
45.381391,-122.583812
45.382088,-122.583411
45.503632,-122.679102
45.503812,-122.678451
45.518534,-123.115448
45.420841,-122.665113
45.452501,-122.723412
45.447685,-122.729368
45.445113,-122.733645
45.444873,-122.733515
45.487059,-122.682757
45.487677,-122.682515
45.462586,-122.702772
45.456526,-122.713429
45.458724,-122.709491
45.458449,-122.710493
45.456755,-122.713532
45.462404,-122.703653
45.453229,-122.721559
45.465719,-122.697895
45.491186,-122.677725
45.491037,-122.678566
45.502083,-122.681478
45.502494,-122.68204
45.496002,-122.678366
45.495933,-122.678004
45.45104,-122.727302
45.450895,-122.727084
45.467494,-122.694279
45.476747,-122.679797
45.47748,-122.679657
45.444197,-122.736505
45.444329,-122.736891
45.497348,-122.679119
45.497756,-122.679074
45.45963,-122.708465
45.471217,-122.686158
45.470919,-122.684976
45.46085,-122.706299
45.499066,-122.679787
45.498602,-122.679812
45.500753,-122.680756
45.500985,-122.681148
45.470468,-122.689602
45.468799,-122.692526
45.467022,-122.695625
45.465585,-122.697572
45.471449,-122.680575
45.471567,-122.680911
45.459913,-122.707433
45.446006,-122.730909
45.446239,-122.730142
45.44298,-122.742702
45.454552,-122.71739
45.521371,-122.804301
45.52288,-122.805535
45.512534,-122.756523
45.509866,-122.76171
45.51042,-122.761308
45.509082,-122.773609
45.522025,-122.804718
45.508716,-122.767925
45.511132,-122.760108
45.51142,-122.759947
45.515763,-122.752319
45.515366,-122.753601
45.508877,-122.770308
45.508719,-122.7708
45.519695,-122.801206
45.516112,-122.748978
45.516358,-122.749396
45.509035,-122.764157
45.5085,-122.767549
45.519824,-123.029547
45.501386,-122.938527
45.520209,-122.991145
45.520039,-122.937267
45.519805,-122.937277
45.519849,-123.040524
45.520046,-123.007375
45.516381,-122.871314
45.519998,-123.04452
45.520028,-123.000575
45.516157,-122.871055
45.520004,-123.059717
45.520005,-123.056772
45.520018,-123.05484
45.51598,-122.868295
45.520061,-123.047219
45.515974,-122.875877
45.516076,-122.87676
45.520168,-122.987847
45.520167,-123.040746
45.519885,-123.035414
45.520161,-123.036816
45.520154,-123.03409
45.520017,-122.949544
45.520109,-123.017137
45.519862,-123.017376
45.5201,-123.021033
45.519827,-123.020731
45.520104,-123.024875
45.51981,-123.024527
45.520149,-123.030371
45.519862,-123.032736
45.520013,-122.944319
45.51987,-122.944727
45.519991,-123.066942
45.520004,-122.941122
45.519839,-122.94067
45.520114,-122.982407
45.520081,-122.97865
45.520061,-122.97539
45.56828,-122.710853
45.568537,-122.711022
45.571264,-122.717473
45.572468,-122.719884
45.561861,-122.704051
45.562311,-122.704507
45.569644,-122.714504
45.569807,-122.714346
45.571487,-122.717561
45.565822,-122.708749
45.560333,-122.701723
45.480217,-122.704126
45.483593,-122.714813
45.483851,-122.714821
45.486948,-122.73782
45.487187,-122.74034
45.485993,-122.752023
45.486163,-122.75344
45.486019,-122.75529
45.486149,-122.764288
45.479156,-122.700834
45.481625,-122.707507
45.486616,-122.796751
45.486417,-122.797055
45.486566,-122.774371
45.486384,-122.774201
45.486239,-122.767752
45.486305,-122.760716
45.486134,-122.761143
45.486129,-122.748414
45.486369,-122.763875
45.486464,-122.74794
45.486926,-122.732185
45.487179,-122.731826
45.486436,-122.783056
45.486626,-122.782529
45.486449,-122.767982
45.486433,-122.780138
45.486627,-122.780601
45.486618,-122.786493
45.486432,-122.786863
45.486633,-122.790003
45.486413,-122.790333
45.478204,-122.697421
45.47987,-122.702192
45.480084,-122.702266
45.480449,-122.704166
45.481497,-122.707944
45.481759,-122.710514
45.482672,-122.712726
45.482897,-122.712657
45.484739,-122.717397
45.48458,-122.716451
45.48536,-122.719881
45.485564,-122.719693
45.485579,-122.722176
45.485868,-122.723023
45.486912,-122.728434
45.487107,-122.728428
45.486931,-122.734902
45.487147,-122.735361
45.487169,-122.737681
45.48696,-122.740469
45.486956,-122.7444
45.487217,-122.74395
45.486256,-122.756777
45.486048,-122.757135
45.486517,-122.771423
45.486314,-122.771211
45.486619,-122.778266
45.486426,-122.778535
45.449812,-122.592753
45.455846,-122.592743
45.45576,-122.59291
45.452461,-122.592761
45.452703,-122.592943
45.516432,-122.654348
45.51644,-122.651749
45.516428,-122.648708
45.516407,-122.645693
45.516405,-122.642604
45.516509,-122.638998
45.516511,-122.635117
45.516386,-122.634456
45.516386,-122.6292
45.516498,-122.629903
45.516378,-122.625574
45.516505,-122.624705
45.516504,-122.622218
45.516639,-122.622525
45.516514,-122.619505
45.516621,-122.61977
45.516604,-122.615081
45.516499,-122.614897
45.516476,-122.612648
45.516615,-122.612334
45.516489,-122.610883
45.516491,-122.608503
45.516601,-122.60859
45.516481,-122.606931
45.516746,-122.606695
45.516679,-122.604097
45.516802,-122.60409
45.516698,-122.601695
45.516818,-122.601748
45.516713,-122.600326
45.516827,-122.600537
45.5169,-122.596984
45.517004,-122.596901
45.516896,-122.594285
45.517015,-122.593115
45.516428,-122.656805
45.470914,-122.693601
45.48104,-122.452229
45.480893,-122.448534
45.481033,-122.448781
45.443671,-122.686628
45.387046,-122.757268
45.387039,-122.756954
45.36514,-122.773214
45.372988,-122.769659
45.372759,-122.769708
45.366675,-122.772978
45.446365,-122.68715
45.446435,-122.686984
45.364842,-122.773004
45.408375,-122.723345
45.390038,-122.753063
45.390074,-122.753345
45.43603,-122.69749
45.448911,-122.686277
45.448876,-122.686123
45.442766,-122.686803
45.340199,-122.773372
45.340127,-122.773694
45.408822,-122.723008
45.360359,-122.774812
45.360549,-122.774472
45.347057,-122.775092
45.346902,-122.774855
45.367353,-122.773174
45.416458,-122.715458
45.391399,-122.751098
45.406572,-122.726426
45.407031,-122.726103
45.353388,-122.774865
45.353321,-122.774579
45.444771,-122.686315
45.421266,-122.710894
45.421376,-122.710405
45.390978,-122.752021
45.369001,-122.772528
45.36952,-122.772632
45.416706,-122.714852
45.439685,-122.686374
45.439566,-122.687108
45.418319,-122.713614
45.418796,-122.712712
45.389237,-122.755057
45.405676,-122.728243
45.405246,-122.728455
45.436068,-122.697115
45.434307,-122.700142
45.451845,-122.683271
45.451752,-122.683203
45.490951,-122.760708
45.490977,-122.757731
45.587365,-122.773682
45.586346,-122.772452
45.586455,-122.772802
45.585252,-122.771428
45.585252,-122.771583
45.510406,-122.68456
45.534032,-122.669905
45.508238,-122.685535
45.513045,-122.683143
45.535161,-122.661985
45.527807,-122.677488
45.535198,-122.667504
45.535103,-122.653405
45.535116,-122.649857
45.535165,-122.663511
45.535099,-122.645338
45.535122,-122.641606
45.535076,-122.638753
45.535238,-122.639566
45.535069,-122.63638
45.535262,-122.636596
45.53508,-122.632699
45.535239,-122.63115
45.535066,-122.627798
45.535239,-122.628275
45.535058,-122.625522
45.535232,-122.624789
45.535188,-122.617752
45.535061,-122.617613
45.53507,-122.615114
45.506702,-122.683474
45.535148,-122.658468
45.535135,-122.656399
45.399472,-122.723022
45.401603,-122.723042
45.403939,-122.723055
45.398875,-122.723161
45.398275,-122.723025
45.399986,-122.723187
45.431094,-122.718476
45.5194,-122.725046
45.519156,-122.722144
45.520503,-122.720686
45.520238,-122.721263
45.52325,-122.671007
45.519332,-122.735182
45.51945,-122.735171
45.52266,-122.570564
45.522836,-122.570643
45.522781,-122.62898
45.522931,-122.628576
45.522508,-122.714966
45.522658,-122.71501
45.523111,-122.62548
45.523346,-122.625203
45.523015,-122.710722
45.523437,-122.710131
45.523288,-122.69698
45.522857,-122.684296
45.522812,-122.686675
45.52281,-122.649193
45.52297,-122.647367
45.523088,-122.689959
45.522781,-122.64566
45.523215,-122.692841
45.523317,-122.694954
45.523145,-122.694489
45.523491,-122.697995
45.5228,-122.64111
45.52295,-122.641749
45.522793,-122.636923
45.522957,-122.638026
45.522949,-122.631984
45.522775,-122.631813
45.523442,-122.62321
45.5236,-122.622862
45.522994,-122.620138
45.523071,-122.619832
45.522967,-122.617467
45.523146,-122.61717
45.523033,-122.614801
45.522825,-122.614334
45.519861,-122.727287
45.519703,-122.726997
45.523169,-122.675893
45.522958,-122.610057
45.522824,-122.60998
45.522811,-122.607143
45.522949,-122.60737
45.522942,-122.604216
45.522948,-122.676635
45.522783,-122.602492
45.522946,-122.602155
45.522941,-122.599464
45.523045,-122.595376
45.523182,-122.594959
45.523175,-122.591818
45.523035,-122.589044
45.523167,-122.588825
45.522775,-122.586932
45.522906,-122.586725
45.522859,-122.58231
45.522748,-122.582532
45.522729,-122.579492
45.522858,-122.578852
45.522685,-122.574027
45.52282,-122.573772
45.522847,-122.657843
45.522618,-122.566533
45.52276,-122.56671
45.534422,-122.388306
45.53376,-122.388442
45.540555,-122.38824
45.53584,-122.388483
45.537024,-122.388282
45.535649,-122.388291
45.473797,-122.648402
45.47365,-122.648916
45.473742,-122.651534
45.473627,-122.651422
45.473707,-122.647859
45.474037,-122.642377
45.474141,-122.642694
45.474231,-122.641275
45.474305,-122.63597
45.474429,-122.637518
45.473488,-122.634763
45.483441,-122.724795
45.483464,-122.72736
45.483508,-122.734806
45.483484,-122.73162
45.498854,-122.685196
45.498895,-122.754627
45.498446,-122.764453
45.501681,-122.752358
45.500674,-122.75344
45.500321,-122.753355
45.497797,-122.755623
45.508206,-122.735568
45.509162,-122.73636
45.493448,-122.779968
45.493334,-122.779414
45.492754,-122.783512
45.491826,-122.787028
45.492101,-122.786756
45.491149,-122.789972
45.491442,-122.789906
45.490041,-122.795325
45.501477,-122.752277
45.498074,-122.766204
45.498042,-122.767203
45.496029,-122.770705
45.495097,-122.772969
45.495081,-122.7725
45.494098,-122.775745
45.493968,-122.77539
45.452927,-122.721441
45.478076,-122.696368
45.478788,-122.692856
45.454758,-122.720456
45.447259,-122.725555
45.447706,-122.724976
45.474695,-122.707788
45.44914,-122.724422
45.449205,-122.724093
45.476681,-122.7016
45.476746,-122.701726
45.470569,-122.707624
45.47096,-122.707754
45.445156,-122.726945
45.445688,-122.726293
45.478896,-122.693219
45.480037,-122.687281
45.480272,-122.687337
45.474393,-122.707573
45.477647,-122.699252
45.477689,-122.699755
45.475996,-122.703481
45.476127,-122.704188
45.468599,-122.710527
45.468549,-122.710173
45.467989,-122.712973
45.441306,-122.573491
45.441196,-122.572996
45.441362,-122.5786
45.512666,-122.795172
45.495467,-122.809248
45.512728,-122.794687
45.496983,-122.808355
45.497021,-122.808619
45.50294,-122.802913
45.502999,-122.803419
45.498757,-122.807304
45.498621,-122.807669
45.504973,-122.798091
45.504838,-122.798821
45.507522,-122.796007
45.507376,-122.796382
45.501109,-122.805842
45.501003,-122.806294
45.610836,-122.68139
45.493593,-122.805216
45.493732,-122.806116
45.556624,-122.70396
45.558013,-122.70764
45.560372,-122.712028
45.562331,-122.715712
45.585828,-122.706898
45.586094,-122.706755
45.587706,-122.705298
45.58454,-122.70805
45.472652,-122.694517
45.474488,-122.691562
45.473194,-122.693437
45.321961,-122.575213
45.530669,-122.665646
45.573056,-122.626893
45.573103,-122.628285
45.572518,-122.62389
45.572226,-122.62326
45.514919,-122.683248
45.515871,-122.686848
45.517577,-122.693099
45.575371,-122.638302
45.571909,-122.620817
45.571424,-122.61938
45.570715,-122.615133
45.428655,-122.766448
45.428566,-122.766605
45.495168,-122.676093
45.494999,-122.675871
45.492478,-122.67629
45.492246,-122.676135
45.484872,-122.676704
45.478622,-122.676786
45.47879,-122.676958
45.498011,-122.67595
45.497875,-122.67581
45.482589,-122.67689
45.482415,-122.676754
45.496442,-122.675857
45.496573,-122.676009
45.499444,-122.675939
45.499286,-122.675756
45.490988,-122.676314
45.49076,-122.676151
45.486016,-122.676683
45.485847,-122.676849
45.477399,-122.677015
45.48109,-122.676776
45.481266,-122.676916
45.48715,-122.67683
45.487104,-122.676677
45.483704,-122.676878
45.546509,-122.901132
45.538283,-122.869908
45.526431,-122.802223
45.525018,-122.810207
45.525675,-122.812785
45.529474,-122.820185
45.530311,-122.823048
45.530563,-122.823054
45.524857,-122.808571
45.525521,-122.812069
45.527049,-122.815009
45.525368,-122.807184
45.525222,-122.806784
45.530884,-122.825674
45.529252,-122.820308
45.528605,-122.818293
45.528138,-122.817704
45.531499,-122.828952
45.531795,-122.829352
45.526346,-122.793466
45.526595,-122.793498
45.526925,-122.799916
45.527057,-122.799525
45.526125,-122.803952
45.530504,-122.824649
45.531702,-122.834064
45.493294,-122.700074
45.496342,-122.701988
45.496664,-122.703391
45.496773,-122.703335
45.496127,-122.701988
45.497519,-122.705077
45.494626,-122.702332
45.493399,-122.700539
45.423077,-122.683216
45.424526,-122.707607
45.423077,-122.679181
45.422846,-122.679115
45.423181,-122.688846
45.422962,-122.689284
45.424538,-122.701279
45.425159,-122.702545
45.423198,-122.692891
45.422983,-122.693141
45.425235,-122.704815
45.424909,-122.705201
45.423292,-122.695308
45.423161,-122.69579
45.423845,-122.697652
45.423776,-122.698261
45.551716,-122.604174
45.555313,-122.600863
45.554849,-122.601532
45.552674,-122.603054
45.552652,-122.603392
45.285216,-122.333048
45.382287,-122.588168
45.382533,-122.587971
45.381227,-122.591352
45.38147,-122.591201
45.380385,-122.594494
45.571703,-122.652717
45.571715,-122.656249
45.571835,-122.65581
45.571931,-122.641215
45.571856,-122.660852
45.571828,-122.652681
45.57192,-122.64991
45.571811,-122.650178
45.571926,-122.647095
45.571812,-122.646776
45.571928,-122.643341
45.5718,-122.643225
45.57182,-122.641483
45.571936,-122.638047
45.57182,-122.638715
45.571941,-122.636359
45.571837,-122.635719
45.571943,-122.63159
45.571841,-122.630907
45.571865,-122.659189
45.571719,-122.659459
45.578219,-122.686958
45.581185,-122.686774
45.581157,-122.686996
45.504618,-122.441835
45.504922,-122.415141
45.504692,-122.402862
45.351632,-122.594258
45.50469,-122.416616
45.504883,-122.418373
45.50496,-122.421645
45.504711,-122.421276
45.504365,-122.43511
45.504359,-122.462848
45.504572,-122.462292
45.504711,-122.408417
45.504928,-122.408299
45.504935,-122.411145
45.504721,-122.41348
45.505011,-122.42579
45.504555,-122.43262
45.352719,-122.588305
45.504385,-122.430202
45.35159,-122.591213
45.504365,-122.43448
45.504695,-122.404648
45.504918,-122.404251
45.504219,-122.559198
45.504423,-122.560019
45.504034,-122.543372
45.504799,-122.653358
45.352979,-122.588518
45.503993,-122.537176
45.504221,-122.53817
45.354517,-122.588305
45.50395,-122.529539
45.50417,-122.529723
45.503969,-122.523206
45.504167,-122.525128
45.354656,-122.588496
45.504233,-122.516993
45.504098,-122.511033
45.3564,-122.588455
45.356193,-122.588276
45.504333,-122.501354
45.504442,-122.497063
45.504694,-122.496144
45.504489,-122.489182
45.504484,-122.484192
45.504699,-122.484379
45.50477,-122.645972
45.504769,-122.639144
45.504859,-122.639912
45.504758,-122.634191
45.504842,-122.634513
45.504754,-122.629147
45.504824,-122.630064
45.504729,-122.622181
45.504846,-122.62304
45.505301,-122.602027
45.505446,-122.594449
45.505326,-122.584666
45.506113,-122.658157
45.50463,-122.578225
45.505058,-122.579137
45.504706,-122.575383
45.35171,-122.591747
45.499959,-122.712296
45.497698,-122.712917
45.493209,-122.711338
45.493187,-122.711088
45.496221,-122.711721
45.496225,-122.711547
45.490477,-122.710281
45.49441,-122.7121
45.494535,-122.711965
45.492093,-122.710815
45.491939,-122.710434
45.501845,-122.713415
45.475762,-122.607504
45.475927,-122.582908
45.475892,-122.60813
45.475765,-122.604529
45.475893,-122.605117
45.475894,-122.602078
45.475763,-122.597254
45.4759,-122.596935
45.475772,-122.594341
45.47574,-122.602381
45.475916,-122.594406
45.475816,-122.5895
45.475942,-122.589773
45.475817,-122.586242
45.475953,-122.586654
45.475828,-122.583126
45.475811,-122.579437
45.475934,-122.579988
45.332489,-122.346339
45.317809,-122.343315
45.317277,-122.343125
45.336201,-122.346039
45.33584,-122.346285
45.331747,-122.346299
45.32204,-122.34333
45.321402,-122.343643
45.358279,-122.354084
45.358671,-122.354188
45.348429,-122.348149
45.348184,-122.34828
45.346063,-122.346946
45.346034,-122.346691
45.491452,-122.44741
45.491177,-122.447842
45.508619,-122.435453
45.505085,-122.435178
45.511584,-122.434034
45.494645,-122.442113
45.494613,-122.442557
45.505856,-122.435423
45.496956,-122.438094
45.497324,-122.438401
45.502045,-122.435945
45.501855,-122.436309
45.499874,-122.436343
45.499768,-122.436767
45.493461,-122.444619
45.493341,-122.445109
45.482292,-122.57717
45.4822,-122.576403
45.482281,-122.574795
45.482237,-122.574223
45.482208,-122.571066
45.482151,-122.568771
45.525112,-122.677664
45.525051,-122.681893
45.524978,-122.685415
45.5249,-122.690501
45.525237,-122.672587
45.524833,-122.69398
45.515786,-122.715934
45.520757,-122.71089
45.518883,-122.712434
45.521354,-122.706979
45.521405,-122.711467
45.484255,-122.837361
45.484426,-122.838024
45.47658,-122.864429
45.487335,-122.811513
45.486993,-122.803822
45.487464,-122.814464
45.487309,-122.814214
45.480594,-122.855972
45.480539,-122.855603
45.479568,-122.85818
45.479391,-122.858041
45.485853,-122.82686
45.485649,-122.826406
45.487053,-122.806231
45.486375,-122.822902
45.48633,-122.821762
45.485456,-122.830449
45.485181,-122.830306
45.484656,-122.834386
45.484856,-122.834771
45.483979,-122.842681
45.483845,-122.841169
45.483222,-122.847473
45.483289,-122.846038
45.481773,-122.852169
45.48194,-122.850688
45.478081,-122.861086
45.473564,-122.870552
45.47328,-122.870723
45.471867,-122.874392
45.471799,-122.87411
45.470832,-122.878193
45.470907,-122.878561
45.595632,-122.743941
45.595446,-122.743864
45.591315,-122.725758
45.594162,-122.738439
45.594261,-122.738157
45.592627,-122.732127
45.592753,-122.732057
45.59133,-122.726929
45.593412,-122.735186
45.593574,-122.735233
45.596122,-122.746717
45.596299,-122.746822
45.594926,-122.740973
45.591274,-122.720873
45.59114,-122.721209
45.59129,-122.723014
45.591193,-122.723262
45.591743,-122.728081
45.468409,-122.571297
45.468557,-122.571621
45.468722,-122.609721
45.468558,-122.609299
45.468702,-122.604693
45.468567,-122.604554
45.468554,-122.602359
45.468713,-122.602068
45.468697,-122.599821
45.468566,-122.597921
45.468565,-122.594973
45.468712,-122.595115
45.468576,-122.591403
45.468723,-122.589815
45.468578,-122.578467
45.468707,-122.577881
45.468519,-122.576021
45.468636,-122.57512
45.468315,-122.567952
45.468498,-122.56901
45.4764,-122.539958
45.476882,-122.528704
45.476693,-122.5286
45.476535,-122.556592
45.476335,-122.543608
45.476552,-122.544543
45.492851,-122.603362
45.490239,-122.597869
45.477185,-122.560025
45.477348,-122.559679
45.476881,-122.557301
45.475843,-122.552834
45.476197,-122.553549
45.476005,-122.548722
45.476196,-122.54916
45.476471,-122.535655
45.476637,-122.537626
45.476596,-122.531808
45.476765,-122.532531
45.476759,-122.525756
45.476942,-122.526491
45.497259,-122.611401
45.49567,-122.60875
45.495389,-122.608653
45.492944,-122.603126
45.488339,-122.593837
45.488861,-122.59461
45.48625,-122.588743
45.486807,-122.589699
45.484565,-122.583758
45.484596,-122.583362
45.483182,-122.579641
45.482897,-122.579404
45.48143,-122.574435
45.481774,-122.575222
45.481025,-122.572303
45.480483,-122.571108
45.480343,-122.570123
45.479259,-122.566246
45.47839,-122.563094
45.548221,-122.62514
45.548329,-122.625314
45.548202,-122.666036
45.548311,-122.668909
45.548209,-122.663604
45.547886,-122.674787
45.547787,-122.675108
45.548318,-122.663506
45.54821,-122.661817
45.548321,-122.661255
45.548193,-122.653555
45.548305,-122.654587
45.5479,-122.521158
45.548187,-122.650084
45.548295,-122.65023
45.548185,-122.647397
45.548295,-122.647147
45.548291,-122.641451
45.548179,-122.641291
45.548296,-122.637923
45.548175,-122.638201
45.548196,-122.633847
45.548292,-122.634511
45.548306,-122.63006
45.548198,-122.630963
45.548236,-122.62102
45.548357,-122.621091
45.548226,-122.613814
45.548343,-122.613864
45.548211,-122.609137
45.548329,-122.610541
45.548184,-122.604231
45.548309,-122.605207
45.548282,-122.600809
45.548172,-122.600526
45.548163,-122.597453
45.548272,-122.59769
45.548276,-122.59417
45.548317,-122.658415
45.548203,-122.658019
45.548276,-122.592172
45.548274,-122.590087
45.548137,-122.587067
45.548267,-122.586734
45.548128,-122.583935
45.548237,-122.583721
45.54811,-122.580902
45.548223,-122.580677
45.548224,-122.579087
45.548095,-122.57828
45.548076,-122.576221
45.5482,-122.576554
45.548181,-122.571437
45.548078,-122.571078
45.546272,-122.514011
45.553926,-122.720329
45.557317,-122.729259
45.555206,-122.723822
45.556678,-122.727515
45.509266,-122.67692
45.509704,-122.676956
45.502193,-122.678028
45.502104,-122.677617
45.548847,-122.706546
45.433234,-122.586976
45.436383,-122.58495
45.436572,-122.585025
45.434559,-122.58654
45.434243,-122.587035
45.497023,-122.691222
45.495927,-122.686706
45.496921,-122.689252
45.46574,-122.747713
45.466739,-122.718107
45.466366,-122.720493
45.466248,-122.720473
45.465684,-122.722847
45.465361,-122.723339
45.465348,-122.725043
45.465463,-122.724968
45.463734,-122.727708
45.463655,-122.727898
45.464473,-122.731006
45.464533,-122.732204
45.46449,-122.732424
45.465066,-122.734464
45.464937,-122.734349
45.465176,-122.735933
45.465062,-122.736069
45.465233,-122.739339
45.465073,-122.738956
45.465442,-122.74109
45.465322,-122.741146
45.465618,-122.742755
45.465521,-122.742886
45.465738,-122.744775
45.465627,-122.744219
45.465715,-122.746237
45.465637,-122.746318
45.465637,-122.747508
45.465779,-122.751184
45.465636,-122.750255
45.493413,-122.639385
45.4933,-122.637753
45.385346,-122.607622
45.385456,-122.607737
45.52666,-122.677992
45.526523,-122.629262
45.526356,-122.625243
45.526509,-122.624867
45.526374,-122.627268
45.526259,-122.530459
45.526586,-122.613746
45.526586,-122.681069
45.526171,-122.557633
45.526363,-122.557919
45.526371,-122.556105
45.526173,-122.555097
45.526174,-122.551427
45.526374,-122.55136
45.52618,-122.546772
45.526376,-122.546559
45.526175,-122.542395
45.526381,-122.541773
45.526578,-122.683142
45.526186,-122.539583
45.526395,-122.537074
45.52623,-122.53359
45.526443,-122.531563
45.526311,-122.523558
45.526526,-122.523531
45.526532,-122.685164
45.526575,-122.51815
45.526373,-122.518035
45.526364,-122.510101
45.526561,-122.511116
45.526353,-122.504409
45.526543,-122.503948
45.526503,-122.687165
45.526318,-122.495916
45.526508,-122.497058
45.52632,-122.493485
45.526503,-122.493167
45.526323,-122.490678
45.526523,-122.490548
45.526507,-122.48666
45.526314,-122.485674
45.526511,-122.481872
45.526305,-122.48197
45.526511,-122.477951
45.526441,-122.690173
45.526373,-122.693787
45.526378,-122.636887
45.526373,-122.634198
45.526541,-122.634374
45.526374,-122.631819
45.526526,-122.631464
45.526042,-122.622953
45.526808,-122.623055
45.526342,-122.61897
45.52649,-122.618651
45.526487,-122.616063
45.526425,-122.612514
45.526572,-122.609936
45.52642,-122.609026
45.526573,-122.607356
45.526414,-122.606055
45.526562,-122.604682
45.526405,-122.60243
45.526564,-122.601884
45.52656,-122.599479
45.526393,-122.599688
45.52639,-122.597215
45.526564,-122.596949
45.526542,-122.594347
45.526386,-122.594587
45.526521,-122.589725
45.526361,-122.589995
45.526359,-122.587314
45.526502,-122.583368
45.526352,-122.583732
45.526499,-122.581338
45.526345,-122.581639
45.526336,-122.578558
45.526499,-122.578857
45.526476,-122.576223
45.526306,-122.575076
45.52644,-122.571165
45.526289,-122.569427
45.526436,-122.568526
45.526233,-122.567167
45.556285,-122.698655
45.535414,-122.660533
45.52281,-122.660621
45.527516,-122.660593
45.51341,-122.660658
45.510003,-122.660702
45.529728,-122.660582
45.566278,-122.695498
45.566487,-122.695668
45.573462,-122.695441
45.573657,-122.695573
45.555604,-122.692295
45.556464,-122.693165
45.562598,-122.695522
45.562849,-122.695701
45.570295,-122.695457
45.569648,-122.695658
45.560559,-122.694632
45.559951,-122.694563
45.441518,-122.778891
45.441322,-122.779425
45.433958,-122.768136
45.434029,-122.76857
45.438964,-122.779331
45.438855,-122.779582
45.436005,-122.77213
45.43494,-122.769603
45.436373,-122.772422
45.435116,-122.770357
45.436959,-122.77435
45.436724,-122.774221
45.437637,-122.777956
45.437355,-122.777618
45.430682,-122.705709
45.4305,-122.705558
45.431241,-122.704131
45.431314,-122.704295
45.433583,-122.707186
45.497961,-122.705301
45.502592,-122.426486
45.436879,-122.741299
45.479772,-122.805446
45.463353,-122.801429
45.463055,-122.801282
45.448692,-122.764734
45.475373,-122.805618
45.476289,-122.805344
45.49378,-122.808832
45.48784,-122.803879
45.458772,-122.787425
45.494149,-122.809752
45.493683,-122.807615
45.46066,-122.793525
45.460102,-122.792546
45.464207,-122.803089
45.469679,-122.803928
45.468804,-122.80415
45.464185,-122.803479
45.453013,-122.773643
45.461251,-122.796421
45.461662,-122.797117
45.46721,-122.803638
45.466542,-122.80391
45.450184,-122.764711
45.459148,-122.789171
45.462211,-122.798956
45.461862,-122.798519
45.456837,-122.78214
45.456527,-122.782042
45.471481,-122.8047
45.450928,-122.766538
45.450363,-122.765567
45.477617,-122.805526
45.477873,-122.805791
45.485683,-122.804213
45.471981,-122.805288
45.483251,-122.804676
45.451448,-122.76822
45.451092,-122.767625
45.452204,-122.770708
45.451909,-122.770246
45.582691,-122.692288
45.582637,-122.69255
45.582772,-122.696988
45.533568,-122.508197
45.534581,-122.482547
45.533746,-122.461693
45.533738,-122.442387
45.536526,-122.422394
45.536654,-122.422514
45.537572,-122.415814
45.538606,-122.406465
45.538745,-122.406402
45.535019,-122.433161
45.535081,-122.434046
45.533647,-122.561263
45.539054,-122.396012
45.539214,-122.396696
45.534816,-122.481752
45.533666,-122.535774
45.533578,-122.459029
45.533367,-122.557919
45.533465,-122.549654
45.533383,-122.544698
45.533611,-122.544412
45.53343,-122.540598
45.533656,-122.540387
45.533458,-122.537086
45.53368,-122.538265
45.533444,-122.534081
45.533653,-122.533067
45.53342,-122.530876
45.533619,-122.529248
45.533397,-122.527401
45.533624,-122.526985
45.533468,-122.522901
45.533674,-122.522471
45.533524,-122.519392
45.533761,-122.518708
45.533784,-122.51588
45.533569,-122.515632
45.533767,-122.513026
45.533559,-122.513086
45.533778,-122.508765
45.533572,-122.503712
45.533758,-122.503678
45.533555,-122.5011
45.533758,-122.500791
45.533579,-122.49806
45.534428,-122.495461
45.534088,-122.496111
45.534253,-122.489882
45.534635,-122.488975
45.534808,-122.486142
45.534578,-122.485827
45.534588,-122.478059
45.533537,-122.472426
45.533785,-122.471874
45.533762,-122.466681
45.533592,-122.466379
45.533581,-122.461747
45.533382,-122.456033
45.533668,-122.456948
45.533724,-122.445982
45.533555,-122.445353
45.535662,-122.428833
45.535972,-122.426411
45.53618,-122.426163
45.53713,-122.418907
45.537107,-122.417642
45.537861,-122.412171
45.537994,-122.412407
45.533797,-122.612873
45.53368,-122.612027
45.533791,-122.608668
45.533664,-122.609059
45.53366,-122.606952
45.533768,-122.606734
45.533767,-122.604539
45.533656,-122.604176
45.534078,-122.439267
45.534163,-122.44037
45.533768,-122.601937
45.533648,-122.601694
45.533638,-122.599056
45.533742,-122.59848
45.533607,-122.596166
45.533716,-122.595702
45.533685,-122.591525
45.533526,-122.591874
45.533517,-122.589326
45.533509,-122.587044
45.533659,-122.58708
45.533525,-122.584942
45.533662,-122.585041
45.533533,-122.58304
45.533688,-122.581903
45.533472,-122.574569
45.533629,-122.574415
45.533439,-122.572249
45.533599,-122.572317
45.53337,-122.568815
45.490812,-122.734435
45.490715,-122.73566
45.49087,-122.740589
45.490764,-122.741746
45.490785,-122.743779
45.490549,-122.710556
45.490625,-122.709816
45.490579,-122.713294
45.490671,-122.71346
45.490902,-122.744455
45.490829,-122.728752
45.490721,-122.729284
45.490671,-122.712139
45.490573,-122.7121
45.490701,-122.714487
45.490585,-122.714295
45.490598,-122.716655
45.490697,-122.716687
45.490738,-122.719436
45.490632,-122.719613
45.490767,-122.723288
45.490664,-122.723295
45.490777,-122.725761
45.490671,-122.724762
45.490721,-122.731387
45.490798,-122.732842
45.490742,-122.737088
45.490753,-122.739692
45.427399,-122.748527
45.427546,-122.750352
45.431836,-122.597913
45.483306,-122.535492
45.483404,-122.535487
45.483529,-122.529976
45.483502,-122.526072
45.482716,-122.567674
45.482496,-122.559301
45.482538,-122.5573
45.482625,-122.554406
45.482717,-122.551197
45.482845,-122.551026
45.48277,-122.549334
45.482915,-122.548924
45.482848,-122.547234
45.482972,-122.547002
45.482913,-122.545062
45.483054,-122.544472
45.483015,-122.541941
45.483154,-122.54189
45.483148,-122.538171
45.483238,-122.538422
45.483305,-122.532312
45.483542,-122.532114
45.483387,-122.52385
45.483485,-122.524025
45.483099,-122.608537
45.48298,-122.607447
45.482978,-122.604846
45.483107,-122.605101
45.483003,-122.602261
45.483079,-122.60201
45.48298,-122.599689
45.483091,-122.599444
45.482983,-122.597134
45.483004,-122.594535
45.482988,-122.591988
45.4831,-122.59272
45.483107,-122.589053
45.482993,-122.588843
45.483,-122.586809
45.483118,-122.586552
45.483009,-122.58255
45.483168,-122.58245
45.48285,-122.567677
45.482605,-122.563562
45.482735,-122.563179
45.509982,-122.679032
45.510136,-122.67893
45.446459,-122.632656
45.446367,-122.637887
45.446466,-122.638036
45.446515,-122.635709
45.446415,-122.635
45.446592,-122.633354
45.446659,-122.63027
45.446491,-122.628923
45.446693,-122.627361
45.446619,-122.624794
45.446701,-122.624448
45.51052,-122.681095
45.446564,-122.622218
45.446685,-122.621969
45.530005,-122.666476
45.512168,-122.659894
45.512136,-122.651571
45.512119,-122.647128
45.512141,-122.654012
45.512272,-122.651912
45.512129,-122.649125
45.512268,-122.649475
45.512272,-122.647074
45.512007,-122.644675
45.512003,-122.642333
45.512152,-122.643398
45.512142,-122.637987
45.512011,-122.637048
45.512007,-122.634927
45.51214,-122.634614
45.511995,-122.629338
45.511987,-122.625463
45.512123,-122.625631
45.511971,-122.622454
45.51213,-122.623212
45.511971,-122.617293
45.512084,-122.617357
45.511966,-122.613844
45.512091,-122.613934
45.512153,-122.665112
45.513021,-122.666184
45.512311,-122.661453
45.592797,-122.680456
45.481199,-122.452859
45.352629,-122.611279
45.352608,-122.611518
45.354111,-122.609798
45.355462,-122.608428
45.486226,-122.474742
45.486423,-122.474728
45.489144,-122.475366
45.488279,-122.475671
45.485431,-122.472517
45.521461,-122.984683
45.36445,-122.583288
45.364675,-122.583151
45.368495,-122.575021
45.369556,-122.572876
45.369964,-122.572444
45.489767,-122.542366
45.48958,-122.534311
45.489582,-122.526748
45.489756,-122.560597
45.489944,-122.560389
45.489877,-122.556514
45.489677,-122.555963
45.489679,-122.553184
45.489867,-122.551414
45.489662,-122.548136
45.48985,-122.547869
45.489599,-122.544079
45.489811,-122.54441
45.48958,-122.542177
45.489516,-122.537139
45.489727,-122.538167
45.489596,-122.532414
45.489578,-122.529691
45.488783,-122.524312
45.49021,-122.639722
45.490372,-122.639368
45.490252,-122.637184
45.490358,-122.6371
45.490537,-122.632921
45.490661,-122.632334
45.490234,-122.629511
45.490362,-122.629326
45.490248,-122.626789
45.490363,-122.626226
45.490239,-122.623465
45.490347,-122.622461
45.490227,-122.61982
45.490346,-122.619382
45.490234,-122.615972
45.490353,-122.615726
45.490243,-122.613995
45.490343,-122.613776
45.490234,-122.612025
45.490345,-122.611822
45.490235,-122.608499
45.490346,-122.609449
45.490229,-122.605773
45.49034,-122.605584
45.490232,-122.604074
45.490327,-122.603569
45.490212,-122.599126
45.490317,-122.599262
45.490359,-122.597281
45.490271,-122.596041
45.49021,-122.593908
45.490314,-122.594131
45.490204,-122.591399
45.490309,-122.591094
45.490191,-122.589387
45.490299,-122.588867
45.4903,-122.586815
45.490192,-122.5862
45.490191,-122.584226
45.490308,-122.584485
45.490195,-122.582246
45.490312,-122.582315
45.490165,-122.57798
45.490348,-122.579397
45.49002,-122.571693
45.490182,-122.572195
45.503867,-122.428107
45.452299,-122.721125
45.451857,-122.712984
45.452196,-122.718216
45.427027,-122.755008
45.427974,-122.758756
45.42772,-122.758495
45.429753,-122.763744
45.429792,-122.763478
45.42586,-122.752266
45.42578,-122.752445
45.358825,-122.355927
45.357928,-122.357786
45.331589,-122.586473
45.330823,-122.586112
45.330266,-122.585356
45.329532,-122.585024
45.336017,-122.590404
45.407675,-122.551833
45.403287,-122.500834
45.401247,-122.500321
45.40124,-122.500129
45.394689,-122.49675
45.394492,-122.496276
45.386078,-122.396087
45.386059,-122.396451
45.378327,-122.384153
45.387503,-122.401885
45.387519,-122.401515
45.389139,-122.407442
45.389457,-122.407786
45.394148,-122.494031
45.39433,-122.494399
45.396309,-122.498975
45.396688,-122.498877
45.407581,-122.558989
45.407884,-122.55928
45.409199,-122.530279
45.407708,-122.544181
45.408009,-122.544816
45.408617,-122.504546
45.409407,-122.504885
45.395116,-122.462227
45.407973,-122.551883
45.37755,-122.383402
45.407753,-122.536944
45.408046,-122.538713
45.408882,-122.530576
45.410391,-122.523704
45.409981,-122.518166
45.4103,-122.517349
45.409589,-122.507983
45.409831,-122.507575
45.388459,-122.459609
45.38861,-122.459467
45.407258,-122.569239
45.407607,-122.567347
45.539267,-122.675252
45.543111,-122.677065
45.543273,-122.67737
45.528015,-122.675854
45.590694,-122.756521
45.588681,-122.752711
45.357466,-122.596304
45.357199,-122.596332
45.359676,-122.594091
45.359486,-122.594017
45.396938,-122.723654
45.397047,-122.723616
45.396957,-122.727496
45.397113,-122.730608
45.397084,-122.727881
45.397005,-122.730711
45.515366,-122.681593
45.432118,-122.716009
45.432045,-122.715847
45.430704,-122.716343
45.434541,-122.715898
45.434653,-122.715529
45.431282,-122.715873
45.516849,-122.687154
45.517636,-122.690111
45.518415,-122.694078
45.503403,-122.825274
45.501616,-122.817564
45.50251,-122.821015
45.502447,-122.821607
45.5004,-122.813566
45.501514,-122.81799
45.56377,-122.66866
45.460454,-122.62042
45.460504,-122.616947
45.460457,-122.617172
45.461529,-122.616736
45.461777,-122.616876
45.462676,-122.629588
45.462078,-122.625934
45.462185,-122.626379
45.460145,-122.619789
45.510154,-122.39981
45.505463,-122.399766
45.50502,-122.400109
45.518791,-122.398251
45.508099,-122.399808
45.51034,-122.400119
45.496544,-122.398631
45.496161,-122.39893
45.498119,-122.398622
45.512733,-122.399916
45.513222,-122.399354
45.503155,-122.400083
45.503185,-122.399787
45.501921,-122.675277
45.43411,-122.719502
45.434202,-122.719357
45.42485,-122.708181
45.428803,-122.716104
45.431167,-122.718248
45.428517,-122.707192
45.427807,-122.711553
45.42836,-122.712318
45.426114,-122.70739
45.426287,-122.707138
45.42801,-122.715146
45.562697,-122.615883
45.562679,-122.600962
45.562816,-122.597019
45.562627,-122.597212
45.562641,-122.675126
45.56274,-122.674804
45.562652,-122.671357
45.562745,-122.671568
45.562639,-122.685023
45.562739,-122.684666
45.56269,-122.692703
45.562819,-122.692419
45.562625,-122.687675
45.562763,-122.68731
45.562682,-122.663221
45.562174,-122.695705
45.562589,-122.68168
45.562723,-122.681948
45.562649,-122.673146
45.562631,-122.677149
45.562721,-122.676799
45.562677,-122.690132
45.562786,-122.690079
45.562649,-122.668943
45.562775,-122.668361
45.562526,-122.579599
45.562544,-122.582865
45.56277,-122.633748
45.562659,-122.630332
45.56277,-122.631138
45.56267,-122.628785
45.562789,-122.628486
45.562694,-122.626742
45.562813,-122.626478
45.562823,-122.623322
45.562704,-122.623566
45.562695,-122.619955
45.562862,-122.620885
45.56288,-122.615411
45.562655,-122.609223
45.562846,-122.609426
45.562832,-122.604656
45.562819,-122.600637
45.562544,-122.588126
45.562775,-122.588258
45.562741,-122.585671
45.562807,-122.579036
45.582459,-122.68887
45.582321,-122.689158
45.582447,-122.687298
45.58233,-122.687095
45.446985,-122.590273
45.44696,-122.582217
45.447107,-122.580065
45.447919,-122.592566
45.447822,-122.592957
45.447881,-122.602622
45.448039,-122.602684
45.447932,-122.61133
45.447877,-122.598559
45.448018,-122.598729
45.520926,-122.695304
45.448048,-122.604368
45.447901,-122.604276
45.447935,-122.614527
45.448096,-122.614354
45.447913,-122.609367
45.448072,-122.609051
45.448013,-122.59505
45.447861,-122.595347
45.446987,-122.587335
45.447127,-122.584081
45.523319,-122.706647
45.512451,-122.7168
45.418381,-122.72451
45.418486,-122.723813
45.419186,-122.738836
45.419676,-122.739643
45.416865,-122.719001
45.418827,-122.7313
45.416533,-122.71884
45.419069,-122.732388
45.505364,-122.645603
45.504976,-122.64537
45.511989,-122.653307
45.508923,-122.649961
45.508203,-122.648856
45.506795,-122.647262
45.506906,-122.647603
45.51026,-122.651532
45.510199,-122.651165
45.557676,-122.702554
45.55943,-122.705881
45.561553,-122.709828
45.562672,-122.715475
45.563435,-122.713267
45.436517,-122.62994
45.428956,-122.598709
45.429531,-122.599072
45.427724,-122.597358
45.433785,-122.622824
45.433942,-122.622948
45.430378,-122.603951
45.430479,-122.603277
45.431334,-122.613968
45.43056,-122.60945
45.431247,-122.61293
45.435748,-122.628617
45.436112,-122.629402
45.426642,-122.595897
45.42615,-122.595618
45.430102,-122.601602
45.430239,-122.600873
45.432338,-122.617661
45.439931,-122.638004
45.440113,-122.638139
45.43839,-122.634247
45.438243,-122.634195
45.437318,-122.632074
45.437388,-122.631949
45.436021,-122.6288
45.434636,-122.625916
45.434836,-122.626026
45.430225,-122.608728
45.42004,-122.668009
45.404522,-122.722312
45.532537,-122.671201
45.489268,-122.760764
45.438295,-122.741112
45.438343,-122.741204
45.436982,-122.741192
45.440355,-122.738869
45.440392,-122.738473
45.507794,-122.680132
45.508043,-122.679711
45.508005,-122.605104
45.508116,-122.605075
45.340262,-122.605059
45.346909,-122.603662
45.34744,-122.602865
45.340066,-122.60492
45.342035,-122.605081
45.341882,-122.604949
45.344227,-122.604945
45.349328,-122.601486
45.344167,-122.605111
45.349168,-122.601451
45.337467,-122.604893
45.459377,-122.652515
45.459382,-122.648906
45.351001,-122.600934
45.351051,-122.600734
45.442368,-122.599304
45.437966,-122.599255
45.43741,-122.59938
45.445091,-122.598893
45.444708,-122.599097
45.446679,-122.765194
45.446524,-122.764902
45.446558,-122.759139
45.446648,-122.761758
45.44655,-122.761678
45.577145,-122.676526
45.577299,-122.67464
45.577133,-122.674366
45.476717,-122.8004
45.476992,-122.800197
45.588334,-122.744008
45.588047,-122.743312
45.590115,-122.754721
45.589194,-122.7518
45.57721,-122.70834
45.577055,-122.707591
45.583405,-122.726312
45.577204,-122.692188
45.577049,-122.692609
45.577202,-122.686582
45.577052,-122.687441
45.57705,-122.685434
45.58058,-122.718639
45.58666,-122.736903
45.586561,-122.737109
45.581613,-122.721479
45.581558,-122.721772
45.587037,-122.739205
45.587004,-122.738297
45.577024,-122.682338
45.577232,-122.682701
45.589615,-122.752757
45.580675,-122.719323
45.584038,-122.728077
45.577282,-122.676171
45.589453,-122.749421
45.589512,-122.748934
45.577203,-122.696995
45.582307,-122.723792
45.582472,-122.72381
45.619386,-122.771344
45.61918,-122.771495
45.57729,-122.664823
45.577136,-122.664629
45.588771,-122.746346
45.588918,-122.746523
45.577309,-122.66218
45.577099,-122.661564
45.583088,-122.725985
45.577297,-122.66898
45.577129,-122.668603
45.57706,-122.70295
45.577209,-122.703106
45.584579,-122.729479
45.584531,-122.729866
45.585541,-122.732127
45.585442,-122.732416
45.578399,-122.713186
45.478466,-122.800249
45.478516,-122.800403
45.484921,-122.800245
45.482796,-122.80022
45.483046,-122.800391
45.480428,-122.800217
45.480798,-122.800392
45.371572,-122.570798
45.529833,-122.694676
45.529794,-122.696698
45.484878,-122.674891
45.485125,-122.675334
45.496382,-122.672804
45.489956,-122.67383
45.489817,-122.673596
45.477347,-122.672264
45.487659,-122.675521
45.488049,-122.675047
45.477128,-122.671902
45.47304,-122.671599
45.472877,-122.671349
45.480907,-122.673171
45.481295,-122.673582
45.513009,-122.6606
45.514455,-122.675839
45.512985,-122.654555
45.515185,-122.678573
45.457034,-122.638746
45.430121,-122.772156
45.429891,-122.772317
45.43213,-122.768543
45.431133,-122.770575
45.452375,-122.64057
45.455591,-122.63997
45.452273,-122.64088
45.446332,-122.641935
45.432742,-122.767009
45.446505,-122.641817
45.432565,-122.768227
45.50338,-122.430915
45.521973,-122.970598
45.521827,-122.970443
45.36165,-122.60219
45.362872,-122.600928
45.521478,-122.96358
45.521313,-122.96333
45.498859,-122.430911
45.521081,-122.957843
45.520955,-122.958296
45.520923,-122.955499
45.520702,-122.954745
45.287793,-122.334063
45.286072,-122.334179
45.500853,-122.430887
45.358441,-122.607338
45.384126,-122.758789
45.383605,-122.758878
45.424998,-122.633631
45.395352,-122.615846
45.419852,-122.632836
45.40933,-122.626572
45.422832,-122.633284
45.406751,-122.624595
45.389509,-122.611363
45.39168,-122.613059
45.418242,-122.632547
45.402055,-122.621003
45.416173,-122.631789
45.458805,-122.639338
45.430515,-122.634505
45.412033,-122.628648
45.399074,-122.618725
45.427626,-122.634071
45.413141,-122.629531
45.405087,-122.623312
45.435368,-122.63723
45.410707,-122.665853
45.410804,-122.666168
45.408805,-122.672066
45.4087,-122.671973
45.409534,-122.669292
45.409762,-122.668985
45.408046,-122.674925
45.408255,-122.673628
45.407165,-122.573126
45.424649,-122.633939
45.394624,-122.615697
45.419907,-122.633173
45.368444,-122.601337
45.406357,-122.624695
45.408573,-122.626383
45.423034,-122.633683
45.388752,-122.611196
45.390596,-122.612611
45.418461,-122.632962
45.387063,-122.609906
45.368845,-122.600901
45.415309,-122.631551
45.458383,-122.640265
45.431263,-122.635038
45.411167,-122.628387
45.436949,-122.639633
45.398236,-122.618466
45.427681,-122.634407
45.413227,-122.629968
45.461272,-122.639311
45.40431,-122.623125
45.434366,-122.636479
45.433589,-122.712116
45.433981,-122.710128
45.433888,-122.710016
45.380442,-122.743305
45.377924,-122.742362
45.492133,-122.817566
45.494515,-122.652879
45.494113,-122.652899
45.475223,-122.648984
45.47544,-122.648873
45.498193,-122.654144
45.498128,-122.653948
45.483855,-122.649675
45.484167,-122.649513
45.488363,-122.650745
45.488855,-122.650702
45.491495,-122.651771
45.491215,-122.651461
45.486102,-122.649833
45.486015,-122.649966
45.480924,-122.649656
45.480763,-122.649477
45.477279,-122.649249
45.477059,-122.649063
45.549494,-122.675462
45.550539,-122.675635
45.550727,-122.675444
45.553686,-122.675446
45.553555,-122.675608
45.554842,-122.675423
45.554742,-122.67559
45.338814,-122.592461
45.342578,-122.595118
45.338894,-122.592283
45.342142,-122.594988
45.349149,-122.596748
45.348734,-122.596559
45.339985,-122.593337
45.35078,-122.596781
45.350731,-122.596604
45.432335,-122.703083
45.432199,-122.702995
45.433549,-122.707673
45.543328,-122.547571
45.543238,-122.542705
45.517322,-122.660532
45.517298,-122.653994
45.517254,-122.651458
45.51724,-122.649389
45.51724,-122.647423
45.517163,-122.645347
45.517303,-122.656536
45.516483,-122.665998
45.517351,-122.66601
45.465679,-122.560037
45.465826,-122.560206
45.465148,-122.557683
45.464555,-122.556094
45.464681,-122.555854
45.466812,-122.564031
45.466424,-122.562681
45.531419,-122.660179
45.531586,-122.660482
45.531575,-122.654436
45.531571,-122.65235
45.531331,-122.652112
45.531377,-122.649739
45.531549,-122.649259
45.531365,-122.646822
45.467527,-122.724015
45.531398,-122.656815
45.493872,-122.826371
45.491747,-122.825963
45.480909,-122.826266
45.478632,-122.826304
45.478404,-122.825938
45.515383,-122.818014
45.513785,-122.819355
45.485364,-122.826289
45.486336,-122.82593
45.517636,-122.817053
45.517736,-122.817358
45.52009,-122.816129
45.525549,-122.814348
45.525081,-122.815044
45.489178,-122.82599
45.489038,-122.826331
45.511258,-122.8211
45.510917,-122.822003
45.481644,-122.825956
45.47734,-122.67677
45.477209,-122.67401
45.472925,-122.732355
45.539413,-122.707673
45.518836,-123.001256
45.519467,-123.004624
45.518689,-122.979251
45.518651,-122.975752
45.420564,-122.629588
45.417444,-122.627866
45.401865,-122.608599
45.401883,-122.608374
45.39022,-122.588677
45.431622,-122.631685
45.431511,-122.63039
45.407135,-122.615712
45.407136,-122.615969
45.390223,-122.588432
45.399023,-122.603468
45.399102,-122.60333
45.392351,-122.591244
45.411403,-122.62159
45.411285,-122.621179
45.422713,-122.630325
45.384607,-122.584294
45.393474,-122.593564
45.4349,-122.629879
45.43484,-122.629692
45.386147,-122.585052
45.41878,-122.629016
45.419253,-122.629012
45.397161,-122.600352
45.397241,-122.600779
45.388173,-122.586566
45.425497,-122.631327
45.425705,-122.631215
45.400489,-122.605848
45.400392,-122.605935
45.406241,-122.614665
45.406279,-122.614459
45.417584,-122.628264
45.405081,-122.613143
45.405158,-122.613012
45.395089,-122.596811
45.395034,-122.59617
45.414969,-122.625467
45.415174,-122.62549
45.429925,-122.632797
45.430116,-122.632614
45.393895,-122.594257
45.421296,-122.629673
45.40926,-122.619135
45.409384,-122.619103
45.39222,-122.590763
45.413772,-122.624169
45.413923,-122.624094
45.403246,-122.610774
45.403499,-122.610833
45.42773,-122.632071
45.427856,-122.63195
45.408155,-122.617195
45.408218,-122.617571
45.38323,-122.58325
45.460517,-122.760227
45.465412,-122.753726
45.46517,-122.754425
45.453712,-122.773341
45.4539,-122.773439
45.463966,-122.755822
45.457953,-122.764271
45.458099,-122.764363
45.46077,-122.759565
45.462163,-122.758207
45.457077,-122.766796
45.454997,-122.77089
45.455319,-122.77053
45.47569,-122.385419
45.485929,-122.397177
45.475909,-122.385455
45.441166,-122.748614
45.439782,-122.75182
45.435965,-122.759138
45.436117,-122.759541
45.422681,-122.783589
45.419146,-122.786567
45.400439,-122.798757
45.397506,-122.799018
45.396758,-122.79855
45.389197,-122.805967
45.519735,-123.114234
45.411627,-122.793351
45.411065,-122.794085
45.414314,-122.791234
45.414974,-122.791416
45.520063,-123.078651
45.416906,-122.789276
45.416598,-122.789064
45.519707,-123.106441
45.384196,-122.81737
45.384576,-122.817475
45.519721,-123.1109
45.520361,-123.07573
45.519675,-123.102784
45.439978,-122.750822
45.418876,-122.787321
45.529407,-122.560866
45.529563,-122.560465
45.520345,-123.079494
45.434074,-122.764196
45.519733,-123.099106
45.39132,-122.80126
45.519973,-123.091445
45.520236,-123.09078
45.519996,-123.088242
45.520252,-123.088439
45.386872,-122.810237
45.386509,-122.809944
45.423817,-122.782159
45.437301,-122.756719
45.520081,-123.082014
45.520382,-123.085193
45.398417,-122.798385
45.520251,-123.09514
45.424614,-122.781714
45.520094,-123.076175
45.389761,-122.804059
45.426698,-122.77843
45.427094,-122.778292
45.434668,-122.763472
45.420941,-122.785253
45.421269,-122.784575
45.520828,-123.072889
45.520068,-123.07298
45.442846,-122.744825
45.441997,-122.746708
45.442067,-122.747207
45.440898,-122.74967
45.452867,-122.674703
45.450261,-122.672655
45.521348,-122.69664
45.521248,-122.70037
45.521357,-122.698956
45.521233,-122.695556
45.521363,-122.700613
45.521243,-122.697871
45.521676,-122.704634
45.508107,-122.781879
45.507913,-122.796608
45.507699,-122.796401
45.509262,-122.809262
45.509164,-122.809545
45.509094,-122.81292
45.508147,-122.803013
45.508302,-122.802021
45.508756,-122.806053
45.508703,-122.80635
45.507329,-122.789872
45.507177,-122.790216
45.508209,-122.798637
45.508522,-122.819528
45.508519,-122.81928
45.509252,-122.811207
45.509128,-122.811422
45.508891,-122.816489
45.493405,-122.699156
45.503323,-122.712582
45.505355,-122.703901
45.504904,-122.705985
45.505192,-122.705622
45.504223,-122.706983
45.50387,-122.707248
45.503134,-122.711385
45.503526,-122.710563
45.50346,-122.710319
45.44128,-122.734043
45.565999,-122.859421
45.437955,-122.730177
45.5792,-122.697144
45.579228,-122.697319
45.582511,-122.697155
45.582853,-122.697297
45.577837,-122.697333
45.581374,-122.697136
45.58137,-122.697297
45.589345,-122.755562
45.58925,-122.756236
45.357534,-122.841956
45.569831,-122.675054
45.378495,-122.593539
45.569826,-122.691626
45.570026,-122.672111
45.569844,-122.67182
45.569846,-122.698722
45.380329,-122.59473
45.380164,-122.59438
45.570028,-122.692269
45.57,-122.687149
45.569817,-122.687778
45.381608,-122.595572
45.381503,-122.595302
45.569853,-122.695213
45.570034,-122.695289
45.382798,-122.596134
45.569982,-122.681743
45.569785,-122.681714
45.383531,-122.596898
45.570034,-122.669429
45.569884,-122.669129
45.578279,-122.727278
45.580331,-122.725509
45.582812,-122.723944
45.582341,-122.724032
45.581148,-122.72518
45.578783,-122.726697
45.579725,-122.726226
45.584327,-122.722552
45.577362,-122.727758
45.496343,-122.551665
45.496214,-122.551353
45.497235,-122.507142
45.493674,-122.462638
45.493823,-122.462843
45.496979,-122.450981
45.496934,-122.455223
45.497136,-122.455349
45.494175,-122.40753
45.497919,-122.421209
45.498148,-122.421777
45.489637,-122.473421
45.489928,-122.473647
45.497948,-122.413778
45.497829,-122.414506
45.497888,-122.418723
45.492655,-122.486984
45.50109,-122.654469
45.501412,-122.654679
45.5014,-122.654006
45.497158,-122.563928
45.494326,-122.409729
45.494565,-122.409819
45.496989,-122.446549
45.497166,-122.447549
45.491435,-122.47975
45.497014,-122.444028
45.497172,-122.444628
45.49718,-122.43395
45.49728,-122.43507
45.496217,-122.560679
45.49572,-122.557972
45.495906,-122.557643
45.495953,-122.55496
45.496001,-122.555947
45.49661,-122.548543
45.496516,-122.547255
45.496803,-122.543763
45.496951,-122.543174
45.497049,-122.540583
45.496895,-122.540769
45.497149,-122.538075
45.496985,-122.537124
45.497428,-122.530313
45.497301,-122.529704
45.497848,-122.523042
45.497881,-122.523925
45.498329,-122.52119
45.498234,-122.520839
45.498657,-122.519212
45.49865,-122.518522
45.498943,-122.513714
45.498669,-122.513231
45.49825,-122.510935
45.497794,-122.51012
45.496946,-122.506686
45.496426,-122.504669
45.495897,-122.502469
45.495914,-122.501801
45.495108,-122.498635
45.495269,-122.498606
45.494463,-122.494714
45.493735,-122.492021
45.494072,-122.492873
45.493226,-122.489534
45.493601,-122.490567
45.493003,-122.487645
45.492085,-122.483874
45.49237,-122.484454
45.49091,-122.477107
45.490082,-122.474961
45.490955,-122.467099
45.490519,-122.468317
45.49914,-122.644225
45.499397,-122.644496
45.498447,-122.641871
45.498648,-122.641882
45.497847,-122.63978
45.497842,-122.637388
45.488184,-122.372882
45.49611,-122.411966
45.495758,-122.412109
45.496881,-122.63195
45.496709,-122.63167
45.49693,-122.629145
45.49676,-122.628953
45.496993,-122.625613
45.497101,-122.62664
45.497225,-122.622217
45.497427,-122.62303
45.49756,-122.620626
45.497454,-122.619023
45.497632,-122.618054
45.49745,-122.613988
45.497614,-122.615206
45.497633,-122.612346
45.497384,-122.61064
45.497372,-122.608552
45.497592,-122.609547
45.497592,-122.602898
45.497356,-122.601551
45.497589,-122.599781
45.497352,-122.596229
45.497331,-122.594359
45.497561,-122.595061
45.49733,-122.591896
45.497532,-122.592794
45.497541,-122.589764
45.497311,-122.58926
45.49729,-122.581514
45.497539,-122.582185
45.497295,-122.578244
45.497541,-122.579188
45.497511,-122.576493
45.497286,-122.573721
45.497507,-122.573873
45.501426,-122.657194
45.501662,-122.657285
45.497288,-122.568031
45.49749,-122.569107
45.493064,-122.403517
45.493288,-122.403489
45.492544,-122.401249
45.490122,-122.383575
45.490258,-122.383515
45.492896,-122.401776
45.55532,-122.557964
45.555329,-122.552746
45.555446,-122.552535
45.55547,-122.55849
45.555302,-122.554876
45.555472,-122.554602
45.555318,-122.549834
45.555447,-122.549509
45.555326,-122.547684
45.555437,-122.547354
45.555324,-122.543883
45.55544,-122.544036
45.555321,-122.541498
45.555422,-122.541285
45.555218,-122.538414
45.55538,-122.597392
45.555518,-122.597181
45.5554,-122.593351
45.555505,-122.593711
45.555384,-122.589272
45.555515,-122.588666
45.555382,-122.583835
45.555476,-122.583538
45.555369,-122.578808
45.555488,-122.57928
45.555344,-122.575768
45.555489,-122.577009
45.555631,-122.572423
45.555318,-122.567749
45.555453,-122.567765
45.555333,-122.562811
45.55531,-122.560937
45.555008,-122.532298
45.555,-122.532799
45.554878,-122.530893
45.554973,-122.530676
45.554545,-122.529024
45.55463,-122.528701
45.554281,-122.526682
45.535522,-122.694973
45.507525,-122.700325
45.491286,-122.709402
45.549758,-122.639228
45.549899,-122.639003
45.470056,-122.634287
45.469167,-122.630427
45.587592,-122.751862
45.587889,-122.751884
45.432391,-122.641387
45.432394,-122.641611
45.431096,-122.642821
45.420986,-122.645383
45.42069,-122.64557
45.397925,-122.629326
45.41193,-122.645391
45.411891,-122.645541
45.393093,-122.621284
45.392952,-122.621361
45.385034,-122.609366
45.385103,-122.609738
45.404959,-122.638939
45.405016,-122.639319
45.400042,-122.632045
45.422416,-122.645401
45.42263,-122.645592
45.399409,-122.631123
45.428784,-122.644203
45.428627,-122.644525
45.388086,-122.613863
45.387954,-122.613968
45.390001,-122.616682
45.390107,-122.617149
45.403568,-122.637199
45.40378,-122.637725
45.418183,-122.645384
45.418219,-122.645593
45.386023,-122.61082
45.386052,-122.61115
45.40186,-122.634476
45.401661,-122.634387
45.397892,-122.628991
45.416587,-122.645391
45.416454,-122.645574
45.40995,-122.645364
45.387021,-122.612282
45.387023,-122.612599
45.408682,-122.645493
45.407547,-122.644279
45.407455,-122.644414
45.400426,-122.632226
45.395612,-122.625014
45.395476,-122.62507
45.393994,-122.622619
45.414022,-122.645389
45.414297,-122.64555
45.406442,-122.641779
45.406332,-122.641859
45.424754,-122.645368
45.435764,-122.639901
45.428389,-122.658312
45.428091,-122.658199
45.431452,-122.655405
45.435942,-122.653339
45.435884,-122.653519
45.430954,-122.655956
45.441689,-122.655039
45.441516,-122.654607
45.445621,-122.656914
45.446028,-122.656694
45.452119,-122.659894
45.450683,-122.659093
45.450778,-122.658963
45.447149,-122.65736
45.446977,-122.656971
45.580006,-122.633663
45.40657,-122.582945
45.406328,-122.576014
45.406432,-122.575714
45.406537,-122.58035
45.406465,-122.58486
45.406583,-122.584686
45.40679,-122.588147
45.406448,-122.582716
45.406382,-122.579345
45.544874,-122.521752
45.544573,-122.517746
45.544248,-122.515984
45.500274,-122.675235
45.540485,-122.516688
45.540579,-122.516374
45.539989,-122.512456
45.541378,-122.523715
45.542434,-122.526893
45.541466,-122.524207
45.540432,-122.520513
45.540553,-122.520188
45.539904,-122.512559
45.539563,-122.510675
45.375323,-122.758147
45.375421,-122.745455
45.375365,-122.748465
45.375353,-122.751286
45.375235,-122.765776
45.520156,-122.692364
45.517596,-122.681844
45.518026,-122.683475
45.519578,-122.689312
45.520733,-122.693948
45.520551,-122.693771
45.516794,-122.678854
45.522489,-122.805599
45.500295,-122.684265
45.499332,-122.685535
45.499042,-122.687161
45.537156,-122.533795
45.537284,-122.53463
45.537153,-122.537072
45.537295,-122.53735
45.537157,-122.531093
45.537139,-122.527287
45.525564,-122.646165
45.547992,-122.589533
45.553435,-122.575984
45.532756,-122.627831
45.528373,-122.638908
45.555982,-122.569704
45.555583,-122.571189
45.540236,-122.609338
45.523767,-122.651428
45.524581,-122.649367
45.524971,-122.647784
45.525106,-122.647926
45.526155,-122.645089
45.527537,-122.641126
45.527695,-122.641209
45.528232,-122.6398
45.52938,-122.63686
45.528932,-122.637476
45.530785,-122.63324
45.531835,-122.630092
45.531875,-122.63045
45.532691,-122.628436
45.536199,-122.61951
45.537054,-122.617607
45.538534,-122.614806
45.538424,-122.614608
45.539503,-122.611486
45.539433,-122.612217
45.540064,-122.610418
45.540992,-122.607476
45.541247,-122.607347
45.542033,-122.604775
45.542137,-122.605079
45.543213,-122.602319
45.543429,-122.601191
45.544318,-122.598962
45.544391,-122.599273
45.545189,-122.597247
45.545222,-122.596615
45.546087,-122.594429
45.546359,-122.594189
45.547186,-122.592127
45.547462,-122.590888
45.547988,-122.590064
45.549292,-122.586699
45.55022,-122.58392
45.550508,-122.583591
45.551282,-122.581257
45.551186,-122.581954
45.552551,-122.57812
45.552618,-122.578432
45.553924,-122.575235
45.554977,-122.572663
45.571967,-122.641419
45.484464,-122.752768
45.4831,-122.75576
45.477513,-122.763645
45.477353,-122.763484
45.47124,-122.77493
45.471191,-122.774681
45.463841,-122.778834
45.457787,-122.781737
45.458022,-122.781936
45.472313,-122.773183
45.449512,-122.786515
45.445053,-122.796007
45.445291,-122.796134
45.460717,-122.780441
45.460513,-122.780326
45.462212,-122.779684
45.462128,-122.779451
45.469969,-122.775653
45.486378,-122.748746
45.463791,-122.778584
45.467946,-122.776409
45.46744,-122.776909
45.465214,-122.778066
45.464957,-122.777934
45.469237,-122.775768
45.48562,-122.750296
45.482252,-122.757171
45.484747,-122.751773
45.480458,-122.760798
45.48029,-122.761546
45.44721,-122.790352
45.447455,-122.789029
45.481992,-122.75807
45.483017,-122.755557
45.4877,-122.746629
45.489712,-122.745546
45.489749,-122.745318
45.445811,-122.793068
45.488483,-122.746316
45.487558,-122.746984
45.474179,-122.76557
45.474259,-122.765153
45.472979,-122.767761
45.472938,-122.767225
45.472541,-122.769722
45.472592,-122.770032
45.472434,-122.771439
45.47265,-122.772005
45.479287,-122.738677
45.477622,-122.741869
45.552645,-122.524266
45.551817,-122.557574
45.551707,-122.554842
45.5518,-122.554603
45.551705,-122.550766
45.551817,-122.550556
45.551696,-122.547652
45.55182,-122.547408
45.551701,-122.545314
45.551607,-122.537468
45.551772,-122.536928
45.552516,-122.525326
45.55275,-122.524371
45.55246,-122.520819
45.359897,-122.842647
45.359568,-122.842787
45.362849,-122.846267
45.362961,-122.846173
45.364661,-122.846731
45.364283,-122.846559
45.553513,-122.537809
45.554276,-122.636003
45.405911,-122.694677
45.40687,-122.680481
45.406762,-122.680391
45.404765,-122.703142
45.403352,-122.716811
45.404512,-122.718488
45.404342,-122.718489
45.405976,-122.718033
45.401918,-122.709067
45.404642,-122.702253
45.40494,-122.696073
45.404986,-122.698713
45.402373,-122.710641
45.407547,-122.692759
45.404843,-122.698614
45.403003,-122.708271
45.406896,-122.683449
45.406752,-122.68375
45.402709,-122.714062
45.404847,-122.695818
45.406336,-122.71817
45.402823,-122.713347
45.406915,-122.676472
45.406896,-122.678077
45.403244,-122.717331
45.509289,-122.698829
45.463187,-122.69053
45.463469,-122.693114
45.463545,-122.692857
45.463436,-122.695359
45.463549,-122.695531
45.464017,-122.697246
45.569489,-122.75449
45.570086,-122.754866
45.571379,-122.755843
45.594881,-122.782767
45.594407,-122.782735
45.588199,-122.775005
45.561416,-122.742773
45.561231,-122.742938
45.603555,-122.789121
45.603466,-122.789448
45.590046,-122.77831
45.592788,-122.780925
45.59216,-122.780693
45.589184,-122.776206
45.575057,-122.759118
45.575319,-122.759806
45.597131,-122.784471
45.596303,-122.784168
45.598591,-122.785553
45.598786,-122.786071
45.599945,-122.786517
45.601229,-122.787357
45.562749,-122.74446
45.562696,-122.744768
45.595604,-122.751935
45.595995,-122.751518
45.595023,-122.753491
45.59484,-122.75354
45.509253,-122.772738
45.510025,-122.770388
45.510016,-122.771709
45.543324,-122.54237
45.542974,-122.538874
45.519252,-122.475337
45.519239,-122.447288
45.519002,-122.446857
45.519187,-122.442166
45.519155,-122.568239
45.519195,-122.521405
45.518955,-122.401338
45.519155,-122.401775
45.518967,-122.426521
45.519164,-122.41727
45.518928,-122.39238
45.51909,-122.392336
45.518921,-122.407569
45.519185,-122.409469
45.519132,-122.555958
45.519098,-122.55225
45.51889,-122.549454
45.519075,-122.549223
45.518882,-122.546598
45.519077,-122.546399
45.518903,-122.543088
45.519091,-122.543487
45.518906,-122.540495
45.519118,-122.540245
45.518926,-122.537237
45.519116,-122.537551
45.519146,-122.533552
45.518967,-122.529603
45.518991,-122.526302
45.519182,-122.526452
45.519,-122.520597
45.519018,-122.51622
45.519221,-122.5136
45.519238,-122.510454
45.519051,-122.510378
45.519065,-122.507486
45.519264,-122.507674
45.519059,-122.50395
45.519057,-122.49873
45.519242,-122.499681
45.519048,-122.496016
45.519239,-122.496226
45.519236,-122.49359
45.519049,-122.492104
45.519254,-122.490968
45.51905,-122.484938
45.519253,-122.484275
45.519065,-122.481781
45.519245,-122.481588
45.519038,-122.479715
45.519271,-122.47915
45.51905,-122.476436
45.519041,-122.472139
45.519252,-122.472469
45.519047,-122.465056
45.519229,-122.464975
45.518995,-122.461436
45.519219,-122.459233
45.51904,-122.458794
45.518985,-122.454762
45.519213,-122.456101
45.519013,-122.450918
45.519205,-122.451948
45.51919,-122.444941
45.518978,-122.439533
45.519192,-122.438945
45.51897,-122.435846
45.518961,-122.433168
45.519186,-122.434745
45.519167,-122.421593
45.51896,-122.421404
45.518951,-122.411945
45.519194,-122.581319
45.519201,-122.579612
45.519156,-122.572834
45.519146,-122.571236
45.420961,-122.662402
45.42077,-122.662683
45.422664,-122.66199
45.42343,-122.661224
45.418046,-122.663034
45.417547,-122.663423
45.413169,-122.66441
45.415481,-122.663643
45.415755,-122.663813
45.412934,-122.664192
45.484638,-122.634699
45.484781,-122.635074
45.484773,-122.637091
45.484778,-122.631794
45.484643,-122.630548
45.484658,-122.628413
45.484777,-122.628678
45.484674,-122.625602
45.484781,-122.626091
45.484648,-122.622802
45.484782,-122.622466
45.484647,-122.620745
45.484754,-122.620322
45.484626,-122.617628
45.484758,-122.61737
45.484611,-122.613934
45.484633,-122.61094
45.484749,-122.611685
45.484606,-122.608868
45.484751,-122.609105
45.479613,-122.694176
45.484599,-122.697769
45.484798,-122.698084
45.488793,-122.710234
45.488665,-122.709801
45.488629,-122.706371
45.485906,-122.699361
45.485753,-122.699367
45.486775,-122.70075
45.486921,-122.70116
45.481653,-122.696306
45.481935,-122.696433
45.488436,-122.702822
45.488165,-122.702571
45.48863,-122.703558
45.488778,-122.703711
45.488745,-122.705267
45.488703,-122.705064
45.488754,-122.706354
45.488761,-122.708286
45.488662,-122.708405
45.497215,-122.896577
45.505981,-122.958827
45.495716,-122.886371
45.493502,-122.863035
45.494353,-122.873087
45.494565,-122.872901
45.489173,-122.820875
45.488307,-122.814993
45.506759,-122.961433
45.489869,-122.827246
45.489479,-122.826431
45.496102,-122.887631
45.50967,-122.968501
45.503981,-122.954612
45.505478,-122.958256
45.504889,-122.956075
45.500182,-122.92959
45.512447,-122.97339
45.510026,-122.96871
45.489076,-122.822527
45.491587,-122.84123
45.491862,-122.841591
45.492071,-122.851299
45.492468,-122.852406
45.492858,-122.856446
45.492654,-122.856669
45.493052,-122.860726
45.49331,-122.860843
45.493929,-122.866712
45.49421,-122.867687
45.494851,-122.87584
45.494586,-122.875291
45.495519,-122.88177
45.507167,-122.961697
45.496982,-122.896714
45.497244,-122.900889
45.497773,-122.903761
45.498711,-122.912845
45.498421,-122.912436
45.498887,-122.916982
45.499313,-122.918636
45.499755,-122.922612
45.499514,-122.922946
45.464264,-122.65262
45.464388,-122.653346
45.46425,-122.646629
45.464385,-122.64745
45.464394,-122.658873
45.464263,-122.658735
45.501977,-122.712935
45.502151,-122.713053
45.500711,-122.707691
45.501375,-122.710932
45.462064,-122.691115
45.460514,-122.691479
45.460578,-122.69157
45.458263,-122.693792
45.458203,-122.699959
45.458192,-122.700475
45.453862,-122.750288
45.453947,-122.749887
45.454912,-122.756373
45.455016,-122.756886
45.454705,-122.720215
45.462062,-122.690917
45.466422,-122.673404
45.467327,-122.673213
45.466206,-122.673839
45.462969,-122.685157
45.463316,-122.688761
45.463514,-122.688418
45.463099,-122.689804
45.46277,-122.690072
45.45959,-122.692555
45.459725,-122.692242
45.458686,-122.695322
45.458642,-122.695556
45.458644,-122.697327
45.458517,-122.697225
45.464037,-122.679612
45.463874,-122.680325
45.458845,-122.699577
45.458146,-122.703573
45.458052,-122.703372
45.457986,-122.705734
45.457892,-122.70577
45.457558,-122.70781
45.457482,-122.70779
45.45477,-122.724655
45.454676,-122.724342
45.454773,-122.725786
45.454669,-122.726406
45.45479,-122.727186
45.454804,-122.730452
45.454704,-122.729793
45.454813,-122.731489
45.454677,-122.731554
45.454888,-122.733288
45.454737,-122.733081
45.454863,-122.735701
45.454768,-122.735857
45.454898,-122.738045
45.454789,-122.738142
45.454818,-122.740502
45.454922,-122.740645
45.454832,-122.743386
45.454842,-122.74485
45.454955,-122.747051
45.454857,-122.74701
45.463069,-122.685361
45.454193,-122.752557
45.455009,-122.758884
45.453899,-122.682728
45.457215,-122.685021
45.457387,-122.684866
45.492615,-122.68147
45.491927,-122.685087
45.477182,-122.684438
45.472079,-122.685347
45.472185,-122.685581
45.480017,-122.687011
45.480392,-122.687065
45.464056,-122.683569
45.474184,-122.683978
45.474034,-122.684268
45.454482,-122.683815
45.491466,-122.683913
45.49341,-122.681244
45.453196,-122.677658
45.461056,-122.684848
45.461282,-122.685031
45.477449,-122.684265
45.459424,-122.684861
45.459268,-122.685036
45.481296,-122.683035
45.502538,-122.687516
45.462811,-122.684835
45.462726,-122.685074
45.467279,-122.684654
45.467537,-122.684771
45.483036,-122.683429
45.482977,-122.683574
45.454037,-122.682536
45.456153,-122.68466
45.464059,-122.683843
45.538599,-122.719585
45.535445,-122.704686
45.535342,-122.704516
45.535383,-122.707125
45.535293,-122.706505
45.535337,-122.711069
45.535202,-122.71107
45.53597,-122.714554
45.535859,-122.714775
45.535959,-122.716539
45.535861,-122.716747
45.429962,-122.769151
45.48978,-122.44781
45.48958,-122.448005
45.487492,-122.447806
45.487136,-122.448015
45.483762,-122.448028
45.588698,-122.711875
45.521095,-122.386864
45.521056,-122.38706
45.524383,-122.387099
45.523735,-122.38717
45.530574,-122.387399
45.531045,-122.38762
45.519645,-122.38682
45.519186,-122.387024
45.528112,-122.387416
45.527927,-122.387616
45.52665,-122.387415
45.526042,-122.387577
45.46829,-122.713434
45.462841,-122.649453
45.566255,-122.661285
45.566502,-122.661525
45.558806,-122.661619
45.559575,-122.661359
45.54963,-122.661673
45.549407,-122.661461
45.540257,-122.661492
45.572997,-122.661245
45.573498,-122.661484
45.523368,-122.661841
45.571626,-122.661247
45.571946,-122.661485
45.55101,-122.661461
45.550891,-122.66165
45.545777,-122.661722
45.54626,-122.661491
45.548162,-122.661451
45.548437,-122.661697
45.527377,-122.661806
45.536754,-122.661755
45.530184,-122.661798
45.575701,-122.661227
45.575955,-122.661469
45.568471,-122.661228
45.565321,-122.661516
45.564654,-122.66129
45.562342,-122.661571
45.562637,-122.661311
45.542015,-122.661479
45.542252,-122.661712
45.576934,-122.661225
45.509644,-122.661974
45.553087,-122.661666
45.553121,-122.661421
45.574291,-122.661233
45.544355,-122.661727
45.544961,-122.661492
45.57025,-122.66149
45.56988,-122.66125
45.555384,-122.661402
45.555234,-122.661655
45.577698,-122.661445
45.539517,-122.661706
45.538131,-122.66172
45.537752,-122.661514
45.532317,-122.661784
45.53398,-122.661777
45.557326,-122.661648
45.557222,-122.661408
45.405444,-122.749121
45.497058,-122.683271
45.566298,-122.668722
45.566615,-122.668904
45.559173,-122.668335
45.54964,-122.668021
45.545971,-122.668042
45.567644,-122.668743
45.567814,-122.66893
45.564228,-122.668858
45.562497,-122.668795
45.542028,-122.668249
45.547637,-122.668052
45.539663,-122.667791
45.540714,-122.667863
45.552153,-122.668036
45.554794,-122.668076
45.543858,-122.668195
45.538121,-122.667792
45.5345,-122.667841
45.55761,-122.668243
45.536803,-122.700952
45.536956,-122.700749
45.475971,-122.6997
45.476108,-122.699702
45.476406,-122.735714
45.475952,-122.696884
45.475993,-122.705944
45.476115,-122.69758
45.475966,-122.690813
45.476082,-122.690997
45.476189,-122.724865
45.476374,-122.724985
45.476296,-122.721884
45.476465,-122.74269
45.47597,-122.70173
45.476097,-122.69364
45.475959,-122.693349
45.476109,-122.701564
45.476155,-122.707509
45.476019,-122.707882
45.476152,-122.709606
45.476236,-122.715132
45.476079,-122.715678
45.476274,-122.719913
45.47616,-122.722497
45.476345,-122.727975
45.476262,-122.730342
45.476356,-122.730241
45.47639,-122.73339
45.476427,-122.738544
45.476456,-122.741562
45.474478,-122.673989
45.477174,-122.673786
45.472902,-122.673733
45.47004,-122.672557
45.47035,-122.672658
45.475908,-122.673958
45.475743,-122.673798
45.505533,-122.703903
45.510062,-122.698764
45.509855,-122.698696
45.507233,-122.704209
45.512572,-122.697391
45.512981,-122.696993
45.519926,-122.698276
45.520398,-122.698133
45.518591,-122.697353
45.518427,-122.697457
45.515994,-122.69662
45.515587,-122.696902
45.511379,-122.698035
45.511206,-122.697967
45.521064,-122.698287
45.4289,-122.782566
45.427734,-122.780322
45.430741,-122.787881
45.428941,-122.782975
45.430677,-122.791512
45.430561,-122.792049
45.430133,-122.79593
45.429806,-122.79936
45.336367,-122.601334
45.336486,-122.600839
45.333705,-122.594035
45.334351,-122.598485
45.336373,-122.598666
45.336347,-122.604369
45.336529,-122.604555
45.333413,-122.595323
45.455116,-122.780496
45.454405,-122.782806
45.453956,-122.783054
45.443116,-122.630477
45.443268,-122.630518
45.518253,-122.555797
45.518628,-122.552988
45.442773,-122.638924
45.442931,-122.636815
45.443102,-122.636399
45.443429,-122.632929
45.443567,-122.632798
45.519574,-122.674554
45.441913,-122.627994
45.520126,-122.676586
45.51834,-122.581153
45.518326,-122.578163
45.518326,-122.575141
45.518303,-122.573119
45.521236,-122.680765
45.518291,-122.571473
45.51827,-122.568761
45.518263,-122.566333
45.454727,-122.780345
45.486075,-122.80631
45.479697,-122.806189
45.481145,-122.806805
45.409977,-122.590025
45.421347,-122.593404
45.397108,-122.585647
45.41114,-122.590403
45.41032,-122.590343
45.423286,-122.593278
45.39311,-122.583676
45.412913,-122.59098
45.391243,-122.583836
45.395087,-122.584966
45.394878,-122.585029
45.423368,-122.592997
45.396229,-122.585794
45.407307,-122.589094
45.412608,-122.591081
45.3883,-122.585507
45.41845,-122.593237
45.393343,-122.583612
45.421902,-122.593172
45.40083,-122.585454
45.41553,-122.59261
45.415174,-122.592536
45.417893,-122.593442
45.419587,-122.593422
45.534276,-122.653686
45.534274,-122.661132
45.534316,-122.666898
45.534206,-122.553284
45.534177,-122.549465
45.534266,-122.648682
45.534271,-122.66383
45.534252,-122.644976
45.534247,-122.6431
45.534265,-122.641283
45.534273,-122.658858
45.53429,-122.65675
45.593125,-122.681604
45.582464,-122.742364
45.5823,-122.74228
45.573493,-122.703122
45.584285,-122.746303
45.583539,-122.744043
45.581714,-122.739762
45.581304,-122.739649
45.574919,-122.708169
45.573956,-122.720391
45.573906,-122.720155
45.574538,-122.724561
45.57515,-122.708892
45.580009,-122.737367
45.580094,-122.737185
45.574627,-122.718424
45.57444,-122.7186
45.585805,-122.751
45.577264,-122.731932
45.586142,-122.751612
45.584451,-122.746423
45.576038,-122.728598
45.575784,-122.728311
45.572512,-122.702017
45.585375,-122.749255
45.585046,-122.748652
45.574114,-122.723906
45.576618,-122.730612
45.578385,-122.734062
45.578468,-122.734402
45.57444,-122.705684
45.574376,-122.705936
45.575358,-122.71328
45.575228,-122.713201
45.383952,-122.639159
45.395398,-122.650239
45.395547,-122.650701
45.373268,-122.628189
45.373327,-122.628594
45.366549,-122.613845
45.387439,-122.641532
45.403925,-122.659515
45.404016,-122.659829
45.371083,-122.623519
45.370779,-122.623305
45.402215,-122.657707
45.401974,-122.65766
45.385992,-122.640349
45.364688,-122.611059
45.368942,-122.618513
45.369092,-122.619035
45.374612,-122.630229
45.374412,-122.630157
45.377663,-122.633949
45.377434,-122.633994
45.407848,-122.65996
45.407262,-122.660129
45.384375,-122.638938
45.378966,-122.635446
45.379073,-122.635893
45.39787,-122.652786
45.399599,-122.654727
45.398837,-122.654379
45.391413,-122.646187
45.397094,-122.652483
45.365642,-122.61254
45.376565,-122.632686
45.376424,-122.632774
45.392603,-122.647198
45.392742,-122.647595
45.364339,-122.611061
45.389813,-122.644088
45.38952,-122.644142
45.367984,-122.617173
45.541358,-122.666587
45.558999,-122.666601
45.535809,-122.666638
45.546972,-122.666597
45.548509,-122.666586
45.542733,-122.666571
45.544439,-122.666542
45.551939,-122.666617
45.554491,-122.666645
45.538333,-122.666614
45.557559,-122.666617
45.584085,-122.700326
45.583957,-122.708071
45.584136,-122.717751
45.58403,-122.717539
45.583928,-122.700058
45.584067,-122.702762
45.584106,-122.720599
45.584002,-122.720004
45.584046,-122.715511
45.584151,-122.715639
45.583938,-122.697375
45.584058,-122.697643
45.584424,-122.722381
45.583955,-122.702795
45.584071,-122.705598
45.58394,-122.705466
45.584085,-122.711144
45.583972,-122.711458
45.584101,-122.713338
45.583962,-122.713583
45.478266,-122.566121
45.479159,-122.632605
45.479308,-122.63242
45.479086,-122.630606
45.479275,-122.630306
45.479187,-122.628434
45.479374,-122.628166
45.479154,-122.626799
45.479274,-122.625864
45.479262,-122.622455
45.479118,-122.62071
45.47926,-122.620365
45.479089,-122.618621
45.479245,-122.618335
45.479125,-122.615658
45.479227,-122.615285
45.479107,-122.61211
45.479248,-122.612192
45.479238,-122.609912
45.479066,-122.56879
45.516219,-122.592098
45.516114,-122.589854
45.516401,-122.589585
45.516275,-122.587703
45.516393,-122.587831
45.516241,-122.58536
45.552658,-122.72728
45.550699,-122.723275
45.550083,-122.721599
45.551426,-122.724319
45.553678,-122.730612
45.506687,-122.678537
45.506387,-122.678836
45.503836,-122.678812
45.503567,-122.678581
45.521357,-122.991598
45.502332,-122.678775
45.502192,-122.678604
45.500937,-122.67881
45.500926,-122.678616
45.516305,-122.683991
45.51479,-122.973831
45.514499,-122.974196
45.511482,-122.972794
45.517349,-122.97376
45.517625,-122.974076
45.51986,-122.97376
45.524029,-122.558376
45.523829,-122.558059
45.550476,-122.557945
45.550213,-122.557672
45.536608,-122.558133
45.540159,-122.557809
45.53993,-122.558078
45.522437,-122.558132
45.522332,-122.55844
45.533122,-122.558203
45.548415,-122.55761
45.548252,-122.557903
45.526111,-122.558015
45.525802,-122.558308
45.543309,-122.557986
45.531609,-122.55794
45.531407,-122.558228
45.52968,-122.558243
45.520217,-122.558496
45.551539,-122.557669
45.518703,-122.558526
45.537436,-122.557861
45.533937,-122.557906
45.516235,-122.654737
45.511674,-122.654784
45.504949,-122.654829
45.49898,-122.691148
45.512723,-122.654768
45.5066,-122.654818
45.519464,-122.654723
45.509471,-122.654791
45.541947,-122.548882
45.542139,-122.548957
45.542943,-122.547914
45.539372,-122.548959
45.539588,-122.549109
45.537031,-122.548973
45.53727,-122.549119
45.534021,-122.548985
45.464525,-122.547953
45.511316,-122.653595
45.523369,-122.653723
45.504752,-122.653652
45.526719,-122.653684
45.508464,-122.653616
45.527449,-122.653462
45.513115,-122.653625
45.517059,-122.65358
45.520632,-122.65356
45.523192,-122.653486
45.519229,-122.653546
45.438529,-122.800189
45.431981,-122.799764
45.432261,-122.799545
45.434869,-122.800134
45.43568,-122.800364
45.438811,-122.800365
45.555093,-122.538086
45.442946,-122.800408
45.441498,-122.800186
45.437198,-122.800372
45.524692,-122.537913
45.525342,-122.537598
45.549051,-122.537468
45.534562,-122.537789
45.491775,-122.537524
45.492115,-122.537848
45.539816,-122.537391
45.52229,-122.537614
45.522066,-122.537947
45.494676,-122.537519
45.494104,-122.537829
45.477108,-122.536943
45.534289,-122.53747
45.504515,-122.537497
45.503329,-122.537811
45.482998,-122.537785
45.483376,-122.538105
45.489404,-122.537566
45.489232,-122.53788
45.508147,-122.537532
45.508172,-122.537826
45.512842,-122.537532
45.513644,-122.537852
45.511351,-122.53752
45.511705,-122.537854
45.527439,-122.537578
45.527718,-122.537885
45.516343,-122.537902
45.531201,-122.537525
45.51988,-122.53762
45.519968,-122.537923
45.551295,-122.537083
45.497402,-122.537497
45.480064,-122.537066
45.480199,-122.537415
45.486193,-122.537682
45.481607,-122.53801
45.539594,-122.537701
45.495977,-122.537807
45.51498,-122.537567
45.536922,-122.537439
45.53699,-122.537728
45.552134,-122.537412
45.542651,-122.537345
45.54287,-122.537639
45.500823,-122.537506
45.500651,-122.537814
45.553025,-122.533474
45.552154,-122.534504
45.460702,-122.652897
45.469602,-122.69202
45.471388,-122.652904
45.468484,-122.652906
45.46869,-122.653076
45.471594,-122.653065
45.464201,-122.65291
45.464071,-122.653077
45.462807,-122.652916
45.540627,-122.527146
45.53904,-122.526978
45.538636,-122.527192
45.542007,-122.526932
45.537316,-122.527212
45.552454,-122.525872
45.547732,-122.523712
45.545671,-122.523602
45.478269,-122.523489
45.493922,-122.523452
45.490469,-122.523473
45.479856,-122.523481
45.480137,-122.523639
45.496164,-122.523451
45.486462,-122.458858
45.486606,-122.458836
45.48604,-122.460616
45.486155,-122.460461
45.486709,-122.455651
45.486822,-122.455235
45.486619,-122.464195
45.486739,-122.464364
45.486579,-122.467929
45.486727,-122.467218
45.551514,-122.519565
45.549472,-122.517839
45.551175,-122.519367
45.547925,-122.517858
45.549065,-122.517677
45.546733,-122.515439
45.547505,-122.513353
45.566183,-122.649957
45.566516,-122.650078
45.558986,-122.649647
45.559199,-122.649779
45.540426,-122.650377
45.540605,-122.650516
45.534453,-122.650588
45.571763,-122.649982
45.550674,-122.650304
45.550858,-122.650462
45.548137,-122.650322
45.548465,-122.650474
45.556254,-122.64966
45.556447,-122.649797
45.533238,-122.650564
45.568371,-122.649887
45.564439,-122.649976
45.564667,-122.650139
45.571272,-122.650118
45.562622,-122.64963
45.562823,-122.650147
45.568122,-122.650056
45.541972,-122.650355
45.54222,-122.650542
45.553019,-122.650259
45.55321,-122.650434
45.569737,-122.649981
45.569938,-122.650112
45.555221,-122.650258
45.545077,-122.650328
45.545286,-122.650483
45.555348,-122.649859
45.560416,-122.649781
45.560247,-122.649641
45.538927,-122.650374
45.539086,-122.650538
45.537173,-122.65055
45.531857,-122.649632
45.526718,-122.839447
45.526413,-122.83975
45.510069,-122.839868
45.516932,-122.839477
45.51635,-122.839802
45.536339,-122.650398
45.359463,-122.591444
45.359438,-122.591695
45.360332,-122.59316
45.52422,-122.649464
45.358684,-122.590184
45.358718,-122.589948
45.532321,-122.649357
45.534807,-122.650382
45.485452,-122.648456
45.473897,-122.647793
45.473664,-122.647652
45.49385,-122.648214
45.494104,-122.648671
45.460893,-122.647117
45.459985,-122.646965
45.475511,-122.647866
45.475671,-122.648023
45.462095,-122.646967
45.483055,-122.648324
45.483203,-122.64846
45.479955,-122.648328
45.480088,-122.648487
45.447957,-122.643463
45.446939,-122.643374
45.466995,-122.646957
45.467149,-122.647109
45.491734,-122.648269
45.491552,-122.648672
45.485838,-122.648258
45.458401,-122.64677
45.458725,-122.647112
45.470093,-122.647186
45.470261,-122.647381
45.487906,-122.648277
45.487668,-122.648695
45.464451,-122.647127
45.463467,-122.646963
45.477266,-122.648066
45.477498,-122.648248
45.46256,-122.647116
45.452991,-122.645928
45.453257,-122.646234
45.538913,-122.855309
45.538702,-122.855471
45.508303,-122.697489
45.52188,-122.690453
45.523855,-122.477246
45.515905,-122.476026
45.522441,-122.47696
45.528845,-122.476883
45.52437,-122.476933
45.526263,-122.476909
45.526012,-122.47723
45.519778,-122.476987
45.531719,-122.477105
45.531851,-122.47744
45.508162,-122.475482
45.494915,-122.475422
45.492877,-122.475385
45.515745,-122.476242
45.500883,-122.475442
45.497382,-122.475416
45.502663,-122.475465
45.504186,-122.475783
45.505313,-122.475447
45.507674,-122.475804
45.51242,-122.475879
45.512627,-122.475541
45.510404,-122.47553
45.490756,-122.475397
45.509695,-122.475841
45.500857,-122.475741
45.498482,-122.867031
45.497665,-122.867298
45.482335,-122.86747
45.553169,-122.867433
45.552887,-122.867739
45.5133,-122.867289
45.513018,-122.867686
45.495494,-122.866987
45.49218,-122.867332
45.492334,-122.867021
45.534614,-122.867271
45.533665,-122.867689
45.504688,-122.867216
45.504493,-122.867611
45.475875,-122.867424
45.521063,-122.867263
45.520441,-122.867653
45.509723,-122.867595
45.509794,-122.867211
45.500536,-122.867167
45.499934,-122.867426
45.485206,-122.86705
45.485061,-122.867365
45.511465,-122.867341
45.51108,-122.867661
45.481509,-122.867271
45.529542,-122.867288
45.529948,-122.867631
45.523611,-122.867299
45.522979,-122.867681
45.545675,-122.867315
45.507699,-122.867216
45.507427,-122.867598
45.489639,-122.867105
45.489692,-122.867366
45.543508,-122.867678
45.549362,-122.86737
45.548711,-122.867707
45.479008,-122.867307
45.478845,-122.867557
45.518095,-122.867631
45.518063,-122.867266
45.502428,-122.867582
45.502764,-122.86724
45.562313,-122.867339
45.493955,-122.867053
45.493727,-122.867305
45.555051,-122.867418
45.554921,-122.867749
45.525143,-122.86731
45.524991,-122.867673
45.515226,-122.867651
45.528001,-122.867261
45.527369,-122.867633
45.558515,-122.867388
45.558561,-122.867731
45.465248,-122.697396
45.518293,-123.106766
45.518274,-123.103288
45.518267,-123.099452
45.518317,-123.111682
45.465594,-122.697234
45.518467,-123.094499
45.463575,-122.69739
45.514394,-122.879605
45.515017,-122.879445
45.50853,-122.87961
45.492922,-122.881171
45.492592,-122.881432
45.471685,-122.881837
45.471043,-122.881582
45.502411,-122.880965
45.500224,-122.881045
45.500261,-122.880835
45.48913,-122.881495
45.489972,-122.881292
45.475068,-122.881622
45.474586,-122.881848
45.507207,-122.880779
45.478911,-122.88157
45.47861,-122.881815
45.502621,-122.880779
45.48631,-122.881627
45.486426,-122.881397
45.498193,-122.881129
45.498645,-122.880901
45.504539,-122.880844
45.504818,-122.880714
45.51653,-122.67524
45.351484,-122.61352
45.579251,-122.643832
45.533019,-122.644919
45.532708,-122.644761
45.526408,-122.694503
45.527648,-122.694407
45.527818,-122.694539
45.52997,-122.694628
45.530114,-122.694475
45.531387,-122.69466
45.531208,-122.694535
45.442713,-122.639911
45.534197,-122.644735
45.534522,-122.644914
45.437578,-122.641029
45.435343,-122.6411
45.52181,-122.433602
45.521766,-122.433891
45.513534,-122.433682
45.513325,-122.43397
45.519547,-122.433606
45.515873,-122.433678
45.515885,-122.433943
45.474314,-122.641635
45.525407,-122.698386
45.527562,-122.698469
45.527737,-122.698583
45.529694,-122.698522
45.535752,-122.698714
45.477582,-122.642189
45.524139,-122.698466
45.535412,-122.641067
45.548411,-122.64104
45.548387,-122.641179
45.536503,-122.641248
45.546599,-122.641049
45.54678,-122.641186
45.541891,-122.641048
45.542183,-122.641225
45.545062,-122.641077
45.545233,-122.641191
45.539046,-122.641239
45.538903,-122.641039
45.537332,-122.641068
45.51686,-122.640068
45.493462,-122.639659
45.499827,-122.639731
45.498557,-122.63955
45.498269,-122.639706
45.496147,-122.639681
45.495949,-122.639532
45.500436,-122.639553
45.502061,-122.639724
45.501857,-122.639569
45.566201,-122.638048
45.566516,-122.638227
45.55883,-122.637962
45.558955,-122.637836
45.571794,-122.638044
45.569224,-122.638225
45.568138,-122.638067
45.568302,-122.638221
45.564364,-122.638056
45.564532,-122.638235
45.562615,-122.637766
45.562833,-122.638208
45.555314,-122.637871
45.555497,-122.637967
45.560206,-122.637793
45.560385,-122.63794
45.557603,-122.63797
45.557609,-122.637834
45.473214,-122.634478
45.493241,-122.637539
45.489891,-122.637674
45.490148,-122.637526
45.477599,-122.633981
45.487245,-122.637617
45.48713,-122.637421
45.470244,-122.634503
45.484871,-122.637562
45.47493,-122.634323
45.475128,-122.634462
45.47907,-122.37259
45.479808,-122.372811
45.471578,-122.372924
45.55015,-122.635879
45.550414,-122.636023
45.551779,-122.635824
45.551989,-122.635983
45.541147,-122.710916
45.541437,-122.711107
45.543449,-122.710871
45.543451,-122.711061
45.538791,-122.71117
45.554221,-122.635841
45.544519,-122.710847
45.559233,-122.634974
45.561415,-122.634799
45.561576,-122.634942
45.562623,-122.63478
45.457844,-122.630075
45.473242,-122.630301
45.473529,-122.630447
45.449846,-122.629723
45.451393,-122.629877
45.451294,-122.629752
45.450062,-122.629876
45.471301,-122.630309
45.471689,-122.630481
45.456143,-122.629874
45.45606,-122.630029
45.448631,-122.62982
45.454803,-122.629847
45.454403,-122.629996
45.469372,-122.630466
45.476254,-122.630309
45.476718,-122.630414
45.460535,-122.629865
45.479037,-122.630314
45.565978,-122.63073
45.566212,-122.630571
45.559118,-122.630742
45.5582,-122.630588
45.539931,-122.630606
45.540204,-122.630741
45.571753,-122.630535
45.572106,-122.630733
45.561419,-122.630587
45.561609,-122.630712
45.548816,-122.630615
45.548379,-122.63078
45.536591,-122.630745
45.568167,-122.630569
45.568108,-122.630739
45.564568,-122.630583
45.564559,-122.630706
45.563015,-122.630742
45.562596,-122.630582
45.542332,-122.630608
45.54175,-122.630766
45.57013,-122.630731
45.569864,-122.630563
45.555075,-122.630592
45.55547,-122.63076
45.535699,-122.630553
45.55169,-122.630615
45.5519,-122.630767
45.545911,-122.630606
45.545358,-122.630771
45.554402,-122.630754
45.55355,-122.630587
45.54378,-122.630603
45.543711,-122.630759
45.538173,-122.630596
45.537868,-122.630749
45.559709,-122.63059
45.439965,-122.627769
45.440143,-122.627933
45.441775,-122.627809
45.438451,-122.627728
45.438609,-122.627894
45.471709,-122.712928
45.471606,-122.712803
45.474839,-122.712921
45.474799,-122.712811
45.46886,-122.712798
45.451968,-122.712899
45.45516,-122.711569
45.454952,-122.711926
45.470455,-122.712912
45.470433,-122.712804
45.472603,-122.712936
45.472462,-122.712807
45.453222,-122.712736
45.453237,-122.712946
45.474062,-122.712937
45.474143,-122.712804
45.51795,-122.623089
45.521538,-122.622944
45.521804,-122.623153
45.516351,-122.622832
45.516593,-122.623061
45.501132,-122.622543
45.523398,-122.622915
45.523707,-122.623116
45.503239,-122.622527
45.50345,-122.622707
45.491747,-122.622746
45.504987,-122.622518
45.504943,-122.622742
45.494852,-122.622766
45.499242,-122.622721
45.493763,-122.622547
45.493431,-122.622751
45.52647,-122.622451
45.526425,-122.623556
45.48272,-122.622566
45.482868,-122.622716
45.511759,-122.622672
45.512185,-122.622964
45.529874,-122.622891
45.490465,-122.622837
45.499717,-122.622552
45.479651,-122.622578
45.480022,-122.622734
45.496205,-122.622548
45.507935,-122.622619
45.508158,-122.622817
45.489404,-122.62297
45.489081,-122.622724
45.513489,-122.622806
45.513737,-122.623051
45.490911,-122.622551
45.531406,-122.62288
45.497475,-122.622727
45.497744,-122.622489
45.48693,-122.622553
45.486369,-122.622742
45.528475,-122.622889
45.5288,-122.623095
45.534699,-122.622777
45.519195,-122.622899
45.51947,-122.623138
45.484509,-122.622519
45.484839,-122.622757
45.509481,-122.622655
45.509567,-122.62285
45.515216,-122.62283
45.515101,-122.623022
45.500565,-122.622726
45.531846,-122.623079
45.545112,-122.621045
45.544778,-122.621753
45.547156,-122.620719
45.547071,-122.620856
45.548535,-122.620267
45.558368,-122.620491
45.558805,-122.620339
45.550054,-122.620294
45.54052,-122.619836
45.540657,-122.620001
45.534984,-122.620224
45.534765,-122.620393
45.550389,-122.620467
45.548539,-122.620435
45.568523,-122.620359
45.568224,-122.620528
45.563019,-122.620481
45.56271,-122.620304
45.542032,-122.619834
45.542192,-122.620011
45.447567,-122.619427
45.447482,-122.619629
45.555391,-122.620493
45.55529,-122.62032
45.536215,-122.620016
45.536397,-122.619832
45.551757,-122.620265
45.551881,-122.620463
45.565025,-122.620346
45.565052,-122.620536
45.553635,-122.620315
45.553777,-122.620478
45.560133,-122.620324
45.560325,-122.620506
45.538072,-122.61984
45.537868,-122.620022
45.472195,-122.723234
45.473529,-122.615943
45.473642,-122.616114
45.482894,-122.723244
45.463044,-122.61578
45.463076,-122.615967
45.478715,-122.723244
45.470638,-122.616092
45.470792,-122.615875
45.467723,-122.615876
45.481252,-122.723236
45.467979,-122.616062
45.476636,-122.723237
45.46551,-122.615816
45.465358,-122.615994
45.476501,-122.615365
45.476389,-122.615552
45.479038,-122.61538
45.534127,-122.614876
45.442624,-122.727197
45.44245,-122.726944
45.439958,-122.726933
45.519602,-122.677207
45.507079,-122.68385
45.514297,-122.680113
45.526732,-122.675604
45.510939,-122.681923
45.355714,-122.608082
45.501069,-122.4278
45.508979,-122.682999
45.514914,-122.679742
45.354008,-122.605006
45.354003,-122.604746
45.515682,-122.679352
45.516269,-122.679016
45.512954,-122.680837
45.511645,-122.681551
45.353163,-122.603343
45.353115,-122.602967
45.518932,-122.677571
45.521573,-122.676178
45.522236,-122.675827
45.51694,-122.678651
45.520945,-122.676484
45.517603,-122.678292
45.52027,-122.676855
45.354918,-122.606788
45.363076,-122.598393
45.518255,-122.677934
45.511561,-122.611634
45.503604,-122.611085
45.505124,-122.610898
45.505471,-122.611283
45.498006,-122.611255
45.511773,-122.611476
45.507939,-122.611188
45.508121,-122.61138
45.500197,-122.611253
45.499432,-122.611443
45.469664,-122.728688
45.467968,-122.728705
45.492294,-122.608924
45.503731,-122.608895
45.50302,-122.609104
45.473767,-122.609328
45.47367,-122.609582
45.505143,-122.608907
45.505034,-122.609081
45.475706,-122.60864
45.475941,-122.608808
45.495348,-122.608942
45.495246,-122.609113
45.499245,-122.608956
45.498655,-122.609124
45.493594,-122.609105
45.482938,-122.608653
45.482833,-122.608819
45.489981,-122.608898
45.490496,-122.609085
45.507889,-122.608977
45.507708,-122.609122
45.470854,-122.730468
45.472839,-122.730516
45.471092,-122.609875
45.470946,-122.610098
45.497162,-122.608957
45.497182,-122.609143
45.481709,-122.608641
45.481409,-122.60882
45.487966,-122.608922
45.48783,-122.608748
45.484516,-122.608639
45.484431,-122.60883
45.47782,-122.608805
45.477421,-122.608633
45.479539,-122.60864
45.501797,-122.608938
45.501191,-122.609129
45.474024,-122.733395
45.476281,-122.733334
45.548022,-122.604462
45.547975,-122.604646
45.536427,-122.604612
45.53659,-122.604725
45.542668,-122.604509
45.541813,-122.604649
45.545272,-122.604507
45.545449,-122.604668
45.538996,-122.604517
45.539149,-122.604709
45.307169,-122.339279
45.519607,-122.67824
45.506859,-122.684151
45.294612,-122.334728
45.52288,-122.676415
45.513597,-122.68144
45.527222,-122.676517
45.514866,-122.680761
45.516273,-122.680039
45.294456,-122.334312
45.512943,-122.681811
45.512233,-122.682202
45.511597,-122.68255
45.518964,-122.678558
45.521525,-122.677172
45.522323,-122.676756
45.516934,-122.679687
45.504933,-122.68416
45.505565,-122.684425
45.520931,-122.677521
45.517604,-122.679316
45.520244,-122.677859
45.518199,-122.678975
45.517144,-122.601945
45.51687,-122.602089
45.522613,-122.602454
45.522737,-122.602228
45.526344,-122.602177
45.526626,-122.602351
45.533457,-122.602064
45.531295,-122.602096
45.511844,-122.601801
45.511962,-122.601921
45.528971,-122.602113
45.528606,-122.602393
45.514,-122.601853
45.514134,-122.601999
45.519005,-122.602
45.519346,-122.602445
45.509456,-122.601855
45.53234,-122.602269
45.376222,-122.743804
45.435812,-122.746577
45.434409,-122.74687
45.430157,-122.746712
45.430404,-122.746911
45.434302,-122.746624
45.51625,-122.592284
45.51161,-122.65883
45.511749,-122.658591
45.508465,-122.658847
45.508907,-122.658603
45.401286,-122.749036
45.4006,-122.749161
45.415043,-122.74897
45.415774,-122.749221
45.461198,-122.589474
45.468323,-122.589435
45.425089,-122.751806
45.407907,-122.748935
45.407782,-122.749127
45.394692,-122.748821
45.394763,-122.748759
45.466473,-122.589263
45.466476,-122.589456
45.411471,-122.748953
45.421286,-122.751662
45.464261,-122.589278
45.463969,-122.589466
45.403894,-122.749422
45.424468,-122.751485
45.417595,-122.748987
45.417537,-122.749159
45.518269,-122.585156
45.518516,-122.585329
45.516711,-122.585317
45.486292,-122.757072
45.488413,-122.756824
45.453761,-122.759075
45.453858,-122.7589
45.452476,-122.759082
45.452569,-122.75892
45.450523,-122.75909
45.450332,-122.758938
45.447749,-122.759102
45.447511,-122.758924
45.446737,-122.759085
45.454767,-122.758918
45.532743,-122.579926
45.447406,-122.578738
45.443648,-122.578692
45.444217,-122.579068
45.507164,-122.578794
45.559148,-122.578423
45.518261,-122.57888
45.517791,-122.579115
45.520969,-122.578941
45.520882,-122.579181
45.529031,-122.579166
45.549472,-122.578583
45.549734,-122.578822
45.492424,-122.57858
45.52266,-122.578913
45.522921,-122.579201
45.441049,-122.578734
45.441549,-122.579109
45.493959,-122.578616
45.461642,-122.579159
45.461301,-122.578925
45.503151,-122.578573
45.50355,-122.578802
45.473722,-122.579189
45.464746,-122.578925
45.464209,-122.579179
45.524478,-122.57892
45.524726,-122.579179
45.505127,-122.578563
45.505097,-122.578798
45.475734,-122.578962
45.475624,-122.579251
45.468971,-122.578932
45.468871,-122.579164
45.483287,-122.578807
45.483619,-122.579097
45.548346,-122.578862
45.54788,-122.578636
45.473874,-122.578953
45.526656,-122.578928
45.526763,-122.57918
45.432199,-122.579441
45.530994,-122.579151
45.511882,-122.578538
45.512449,-122.578827
45.471077,-122.578933
45.490791,-122.578651
45.49048,-122.578969
45.529825,-122.578905
45.456406,-122.579269
45.446585,-122.579071
45.546253,-122.578657
45.546423,-122.578893
45.467027,-122.578924
45.467018,-122.579172
45.458778,-122.578956
45.458502,-122.579206
45.53361,-122.578852
45.533493,-122.579191
45.542839,-122.578729
45.542292,-122.578983
45.513668,-122.578883
45.435764,-122.578916
45.435937,-122.579251
45.509963,-122.578536
45.509802,-122.578803
45.484917,-122.579076
45.5316,-122.578906
45.471084,-122.579173
45.528299,-122.578911
45.450917,-122.579209
45.454634,-122.57896
45.454411,-122.579293
45.497822,-122.578571
45.49711,-122.578876
45.554935,-122.57874
45.555335,-122.578466
45.480999,-122.578843
45.481064,-122.579099
45.485733,-122.578776
45.486675,-122.579004
45.495329,-122.578618
45.538837,-122.579043
45.539311,-122.578802
45.514017,-122.578657
45.5527,-122.578802
45.553107,-122.578532
45.48786,-122.578701
45.488081,-122.578956
45.535934,-122.578866
45.535875,-122.579104
45.544692,-122.578927
45.544972,-122.578705
45.519471,-122.57895
45.519294,-122.579218
45.432957,-122.579035
45.433746,-122.579366
45.499952,-122.578582
45.500181,-122.578833
45.53709,-122.578842
45.537402,-122.579075
45.477524,-122.578911
45.477736,-122.579174
45.479277,-122.578895
45.479682,-122.579123
45.501314,-122.578571
45.501175,-122.578823
45.557837,-122.578425
45.558297,-122.5787
45.515991,-122.578782
45.515936,-122.579003
45.402295,-122.569096
45.398234,-122.569936
45.410468,-122.568266
45.405194,-122.56897
45.405908,-122.568739
45.418184,-122.571794
45.417891,-122.571668
45.4151,-122.569223
45.414801,-122.569273
45.397144,-122.57154
45.408455,-122.568724
45.39823,-122.570226
45.412197,-122.56832
45.4129,-122.568091
45.401138,-122.568991
45.400818,-122.569257
45.408431,-122.568997
45.355256,-122.598536
45.357006,-122.602013
45.357,-122.60169
45.356169,-122.600353
45.356115,-122.599949
45.35785,-122.603401
45.541069,-122.568897
45.540905,-122.568609
45.539609,-122.568335
45.5355,-122.568583
45.535467,-122.568407
45.538334,-122.568537
45.537178,-122.568358
45.537279,-122.568551
45.478196,-122.563366
45.526546,-122.562085
45.43941,-122.621589
45.435994,-122.617199
45.434003,-122.613992
45.432874,-122.609822
45.430828,-122.604922
45.432939,-122.609438
45.434007,-122.613661
45.435958,-122.616752
45.439557,-122.621965
45.462425,-122.629797
45.490649,-122.801388
45.521497,-122.985064
45.530568,-122.563773
45.530884,-122.563895
45.502862,-122.426918
45.420174,-122.667983
45.420627,-122.66788
45.430182,-122.769513
45.430098,-122.769089
45.43029,-122.76936
45.430458,-122.769278
45.454468,-122.717673
45.444896,-122.641269
45.444827,-122.640491
45.468301,-122.71547
45.490712,-122.732901
45.520076,-122.839742
45.512182,-122.839674
45.512863,-122.839323
45.520248,-122.839456
45.507256,-122.840615
45.492162,-122.578912
45.500687,-122.611464
45.50229,-122.610932
45.479126,-122.623703
45.38049,-122.758913
45.382093,-122.75856
45.380275,-122.759196
45.42267,-122.783236
45.487558,-122.806368
45.489307,-122.799158
45.488258,-122.806409
45.489292,-122.797944
45.488555,-122.803951
45.488384,-122.809654
45.375434,-122.76395
45.375284,-122.763408
45.376948,-122.744017
45.375521,-122.747637
45.37548,-122.751554
45.375454,-122.758244
45.375444,-122.760956
45.376144,-122.760435
45.460223,-122.630043
45.577178,-122.643853
45.577361,-122.644026
45.365938,-122.846538
45.362771,-122.598486
45.366128,-122.579727
45.368247,-122.575282
45.372892,-122.567676
45.363653,-122.593956
45.287344,-122.333883
45.491183,-122.826292
45.529559,-122.562812
45.457704,-122.629932
45.570035,-122.699179
45.51916,-122.68162
45.518496,-122.679145
45.517153,-122.674172
45.52028,-122.672146
45.523095,-122.671256
45.52518,-122.671353
45.530057,-122.664917
45.530052,-122.661908
45.530055,-122.65774
45.530067,-122.653638
45.532772,-122.620708
45.528764,-122.602703
45.533221,-122.577794
45.530269,-122.563578
45.52258,-122.557314
45.522447,-122.536799
45.522237,-122.509687
45.522121,-122.495467
45.522048,-122.485173
45.521932,-122.476143
45.520398,-122.470537
45.515577,-122.459174
45.505687,-122.435826
45.502473,-122.426643
45.501772,-122.41845
45.502705,-122.427348
45.505981,-122.436285
45.516502,-122.461119
45.520723,-122.471093
45.522065,-122.478074
45.52214,-122.48714
45.522235,-122.497432
45.522344,-122.511614
45.522556,-122.538704
45.522691,-122.559244
45.530839,-122.563627
45.533478,-122.578437
45.528491,-122.603342
45.532957,-122.621367
45.530146,-122.654335
45.53015,-122.658277
45.530138,-122.66254
45.530235,-122.665557
45.524695,-122.671467
45.522873,-122.67139
45.51986,-122.672523
45.518181,-122.675386
45.519253,-122.679475
45.51991,-122.681919
45.536755,-122.705091
45.454971,-122.754683
45.454799,-122.754537
45.336348,-122.77327
45.336462,-122.777343
45.525096,-122.67929
45.617939,-122.807241
45.483094,-122.594286
45.539211,-122.873025
45.541366,-122.875958
45.539274,-122.873411
45.536887,-122.704726
45.499467,-122.712319
45.39452,-122.422542
45.394172,-122.423457
45.4831,-122.597429
45.402833,-122.568795
45.504471,-122.573891
45.629438,-122.815496
45.614634,-122.80185
45.625105,-122.816629
45.36643,-122.57939
45.306391,-122.339134
45.503112,-122.82338
45.364452,-122.587582
45.364346,-122.587283
45.441204,-122.577609
45.481213,-122.683255
45.520031,-122.99569
45.496418,-122.68222
45.449263,-122.592942
45.498117,-122.418266
45.519148,-122.399113
45.438527,-122.571011
45.551694,-122.540536
45.523764,-122.83972
45.524316,-122.839387
45.536951,-122.708442
45.5386,-122.710207
45.537039,-122.706951
45.48529,-122.800386
45.401775,-122.621204
45.406223,-122.748918
45.562973,-122.718865
45.576139,-122.641676
45.574849,-122.636544
45.575206,-122.638335
45.546241,-122.901109
45.375327,-122.759959
45.575662,-122.640392
45.57497,-122.63632
45.35537,-122.598374
45.523058,-122.692569
45.522967,-122.6458
45.529894,-122.65446
45.521672,-122.968149
45.5218,-122.968127
45.547255,-122.906562
45.543926,-122.882084
45.545834,-122.892146
45.539111,-122.908594
45.53432,-122.913016
45.533754,-122.93173
45.532323,-122.947183
45.530771,-122.957537
45.530783,-122.962148
45.530777,-122.965642
45.52776,-122.968938
45.525112,-122.971106
45.521748,-122.973727
45.52475,-122.971244
45.527415,-122.968862
45.530395,-122.966105
45.530579,-122.962238
45.531638,-122.956884
45.532092,-122.947357
45.533491,-122.930596
45.534183,-122.910745
45.545604,-122.890817
45.543609,-122.881885
45.540568,-122.510077
45.548169,-122.509882
45.551567,-122.505936
45.55049,-122.500516
45.549454,-122.496136
45.548617,-122.491668
45.534872,-122.477429
45.534555,-122.477073
45.536927,-122.477109
45.548978,-122.492765
45.549496,-122.495508
45.551654,-122.505847
45.548408,-122.510076
45.540671,-122.510365
45.525833,-122.398634
45.521302,-122.398589
45.519577,-122.398292
45.521864,-122.398272
45.495519,-122.867352
45.475671,-122.826272
45.473754,-122.82627
45.471837,-122.826336
45.465275,-122.826297
45.459852,-122.826244
45.455369,-122.826307
45.452732,-122.826194
45.4473,-122.826147
45.443034,-122.826145
45.440962,-122.826157
45.441287,-122.815892
45.442871,-122.809959
45.443534,-122.805664
45.444192,-122.799781
45.438479,-122.825023
45.444224,-122.800804
45.443739,-122.80593
45.442865,-122.811126
45.441497,-122.816163
45.440382,-122.825758
45.443187,-122.825799
45.447904,-122.825836
45.455942,-122.82595
45.460447,-122.825835
45.462377,-122.825842
45.466009,-122.82591
45.469333,-122.825957
45.472406,-122.825962
45.475243,-122.825872
45.462096,-122.826166
45.534667,-122.911809
45.405499,-122.796598
45.545748,-122.888043
45.545541,-122.88803
45.547397,-122.906181
45.533886,-122.91711
45.534095,-122.917225
45.621048,-122.811578
45.438792,-122.570899
45.401896,-122.797817
45.483007,-122.579902
45.440019,-122.820047
45.50117,-122.710998
45.439877,-122.82132
45.441028,-122.571117
45.308802,-122.340324
45.537338,-122.477428
45.386853,-122.440271
45.386691,-122.440957
45.295493,-122.337676
45.296893,-122.338007
45.43255,-122.634908
45.569656,-122.638074
45.407861,-122.795352
45.354873,-122.606393
45.386995,-122.456229
45.396857,-122.485125
45.396263,-122.483667
45.592306,-122.663741
45.495221,-122.460083
45.495649,-122.45985
45.613739,-122.79988
45.522785,-122.562917
45.54084,-122.391299
45.386014,-122.455684
45.360269,-122.604529
45.360143,-122.604394
45.360169,-122.604689
45.360003,-122.604519
45.35979,-122.604629
45.389925,-122.583957
45.398717,-122.585845
45.506097,-122.677673
45.492193,-122.398975
45.534474,-122.841058
45.375414,-122.765467
45.505212,-122.618149
45.405491,-122.795994
45.39579,-122.478738
45.395565,-122.480577
45.515965,-122.746355
45.515771,-122.746193
45.49243,-122.475699
45.536844,-122.706694
45.540021,-122.710978
45.540279,-122.711149
45.491307,-122.480318
45.570012,-122.67465
45.387397,-122.609764
45.494417,-122.70212
45.364742,-122.36846
45.357979,-122.359087
45.533693,-122.458982
45.524933,-122.811073
45.410615,-122.524389
45.449122,-122.775277
45.449003,-122.775117
45.291747,-122.333909
45.291834,-122.333717
45.56322,-122.861701
45.497446,-122.537811
45.482626,-122.558897
45.508842,-122.816202
45.562927,-122.864047
45.519168,-122.42628
45.563145,-122.864143
45.580798,-122.63961
45.296914,-122.337823
45.534809,-122.477689
45.557401,-122.72993
45.555145,-122.72396
45.55378,-122.72021
45.548392,-122.705913
45.524003,-122.707395
45.52387,-122.70737
45.5814,-122.643806
45.536814,-122.867269
45.525182,-122.675622
45.467001,-122.71695
45.559872,-122.578651
45.343521,-122.774284
45.343824,-122.774217
45.448298,-122.629657
45.351731,-122.594806
45.351994,-122.596176
45.552852,-122.717702
45.552858,-122.717403
45.551225,-122.713241
45.55085,-122.71157
45.548424,-122.537171
45.466964,-122.71807
45.515824,-122.564069
45.513934,-122.563561
45.514011,-122.559381
45.515661,-122.55559
45.514174,-122.558522
45.514478,-122.564095
45.516015,-122.563749
45.511448,-122.82282
45.513641,-122.828017
45.514671,-122.831924
45.515577,-122.835361
45.516725,-122.839914
45.515444,-122.835692
45.514596,-122.832552
45.513617,-122.828955
45.510956,-122.822827
45.518266,-122.563147
45.517759,-122.562332
45.529954,-122.654804
45.516166,-122.537584
45.379354,-122.744039
45.490482,-122.388496
45.490367,-122.388608
45.36726,-122.370812
45.367225,-122.370935
45.488447,-122.806085
45.439908,-122.727261
45.397158,-122.747711
45.525593,-122.698513
45.532128,-122.698637
45.535535,-122.699655
45.535235,-122.698886
45.530612,-122.698688
45.433513,-122.55556
45.43319,-122.548937
45.429758,-122.540192
45.424997,-122.538714
45.425021,-122.541113
45.421005,-122.547899
45.420298,-122.550295
45.419838,-122.55519
45.424182,-122.56114
45.426711,-122.562681
45.422122,-122.559352
45.414075,-122.531692
45.413947,-122.531978
45.534054,-122.866353
45.534358,-122.868284
45.534435,-122.871455
45.535082,-122.878637
45.537724,-122.867747
45.381872,-122.75903
45.532668,-122.53751
45.49029,-122.833053
45.533888,-122.698811
45.533991,-122.698702
45.472242,-122.694348
45.445755,-122.794007
45.32744,-122.583046
45.52658,-122.398328
45.39921,-122.7492
45.398825,-122.748989
45.530233,-122.843919
45.534554,-122.862251
45.533515,-122.849185
45.534812,-122.85429
45.53323,-122.849015
45.534305,-122.853538
45.529617,-122.843407
45.534483,-122.861767
45.521511,-122.477278
45.425081,-122.76588
45.417428,-122.765323
45.415124,-122.764589
45.412687,-122.764558
45.409963,-122.76459
45.405665,-122.764417
45.404208,-122.762628
45.403634,-122.755946
45.401696,-122.752065
45.399435,-122.75063
45.402535,-122.752897
45.403584,-122.755406
45.404377,-122.762714
45.40807,-122.764392
45.412923,-122.764265
45.415469,-122.764442
45.418656,-122.76539
45.422142,-122.765547
45.529762,-122.399138
45.533423,-122.399145
45.546634,-122.48165
45.533703,-122.399451
45.530111,-122.399467
45.560242,-122.554637
45.565359,-122.55463
45.56708,-122.542864
45.565148,-122.532777
45.56182,-122.521542
45.521935,-122.690123
45.529636,-122.70257
45.530414,-122.705242
45.531953,-122.707366
45.532547,-122.710658
45.530492,-122.708264
45.530238,-122.709223
45.529414,-122.711187
45.528864,-122.71233
45.526691,-122.711124
45.526313,-122.706988
45.525578,-122.704515
45.523554,-122.709896
45.517044,-122.840141
45.518198,-122.843533
45.52035,-122.849696
45.522609,-122.854519
45.52707,-122.866365
45.522597,-122.854895
45.518139,-122.844129
45.520031,-122.849459
45.523104,-122.792641
45.454744,-122.783758
45.368675,-122.841577
45.36797,-122.839664
45.367891,-122.844499
45.366394,-122.846741
45.36774,-122.844276
45.637387,-122.766248
45.622832,-122.731849
45.620579,-122.727698
45.618955,-122.723581
45.620935,-122.72782
45.622882,-122.731368
45.637726,-122.766013
45.495125,-122.880628
45.526007,-122.863631
45.525755,-122.863538
45.514091,-122.561043
45.535553,-122.85749
45.535329,-122.857613
45.529436,-122.708165
45.391669,-122.646147
45.532372,-122.579209
45.513955,-122.561106
45.518382,-122.537925
45.45369,-122.776277
45.404195,-122.757821
45.404374,-122.757833
45.410597,-122.764327
45.524161,-122.859398
45.524462,-122.859641
45.484018,-122.394979
45.482648,-122.393107
45.531991,-122.834397
45.507817,-122.840728
45.548168,-122.595446
45.400461,-122.751377
45.540984,-122.390738
45.504343,-122.51018
45.539764,-122.477087
45.344391,-122.654279
45.351431,-122.656745
45.35156,-122.662909
45.351394,-122.66663
45.343419,-122.663277
45.343648,-122.656893
45.345752,-122.651729
45.350054,-122.653809
45.524405,-122.676429
45.525725,-122.676441
45.524705,-122.675552
45.527692,-122.67563
45.523885,-122.675498
45.53143,-122.653989
45.484762,-122.61534
45.623616,-122.771502
45.623461,-122.771709
45.526817,-122.674106
45.371487,-122.375232
45.371411,-122.375354
45.454574,-122.720041
45.374598,-122.379592
45.374408,-122.379038
45.46955,-122.826294
45.453449,-122.825842
45.473722,-122.723241
45.62984,-122.744663
45.504674,-122.747134
45.589587,-122.631995
45.533463,-122.650363
45.531852,-122.660555
45.544914,-122.867682
45.370926,-122.771577
45.371964,-122.770317
45.523777,-122.700989
45.531017,-122.662817
45.581409,-122.633106
45.593179,-122.635854
45.589872,-122.635888
45.581996,-122.633283
45.580659,-122.638798
45.49039,-122.393125
45.503923,-122.67873
45.55596,-122.698512
45.581496,-122.64397
45.562679,-122.695027
45.524322,-122.699402
45.490723,-122.734787
45.437885,-122.692457
45.437754,-122.692424
45.435585,-122.609642
45.589336,-122.632698
45.504573,-122.449019
45.504377,-122.448762
45.535858,-122.396584
45.536511,-122.395852
45.289586,-122.333844
45.289796,-122.33399
45.59457,-122.759073
45.599937,-122.762273
45.630388,-122.77174
45.594928,-122.759593
45.600106,-122.762666
45.592423,-122.663659
45.63624,-122.756287
45.627641,-122.740693
45.62487,-122.735681
45.618628,-122.723434
45.601746,-122.669467
45.587322,-122.663773
45.595876,-122.663135
45.599115,-122.659466
45.601882,-122.66946
45.602985,-122.675735
45.625086,-122.735509
45.628041,-122.74084
45.636553,-122.756281
45.630915,-122.771994
45.491786,-122.814791
45.492208,-122.817281
45.492871,-122.819825
45.493404,-122.822349
45.49275,-122.81988
45.543661,-122.867359
45.419113,-122.75006
45.543491,-122.39036
45.543204,-122.390742
45.545493,-122.396518
45.544403,-122.393396
45.59585,-122.667541
45.602999,-122.67708
45.589999,-122.662246
45.544285,-122.398192
45.337695,-122.774601
45.487645,-122.537622
45.497355,-122.688156
45.431787,-122.606121
45.592384,-122.757122
45.419301,-122.750114
45.355776,-122.774652
45.355155,-122.774903
45.333572,-122.589097
45.335056,-122.5983
45.373216,-122.83913
45.304096,-122.338622
45.303597,-122.338706
45.464792,-122.726544
45.523009,-122.672529
45.519797,-122.800774
45.517232,-122.796654
45.560849,-122.510407
45.489077,-122.760908
45.421057,-122.668105
45.54817,-122.589698
45.580133,-122.635505
45.579999,-122.636001
45.520377,-122.691399
45.33782,-122.605106
45.311881,-122.3418
45.311441,-122.341386
45.533608,-122.934481
45.398904,-122.749395
45.456625,-122.767575
45.598163,-122.761434
45.598029,-122.761159
45.333145,-122.58315
45.333889,-122.586543
45.332337,-122.576657
45.333139,-122.584993
45.332807,-122.582121
45.33196,-122.575934
45.408548,-122.794382
45.52055,-122.683933
45.522041,-122.689477
45.521094,-122.682819
45.546427,-122.897355
45.546202,-122.89782
45.546246,-122.909684
45.545895,-122.909974
45.536611,-122.956941
45.537025,-122.957115
45.517309,-122.870018
45.551015,-122.604401
45.538668,-122.908652
45.427565,-122.596882
45.561417,-122.554642
45.5174,-122.8703
45.519832,-122.815854
45.510383,-122.781299
45.510149,-122.781938
45.515216,-122.789725
45.515535,-122.789691
45.519059,-122.683873
45.490835,-122.737068
45.576353,-122.72876
45.527166,-122.433792
45.368627,-122.84087
45.380694,-122.387609
45.380772,-122.387459
45.531781,-122.537831
45.485416,-122.396194
45.43904,-122.752608
45.4527,-122.77881
45.452445,-122.778785
45.491269,-122.800864
45.46572,-122.827054
45.465717,-122.83067
45.465718,-122.836776
45.465721,-122.840771
45.465725,-122.845649
45.467042,-122.850881
45.469036,-122.851723
45.472541,-122.851725
45.476088,-122.851714
45.479302,-122.851457
45.475642,-122.866995
45.473021,-122.851934
45.47897,-122.851693
45.475344,-122.851926
45.46868,-122.851922
45.466855,-122.850669
45.465576,-122.845674
45.46559,-122.842247
45.465585,-122.839124
45.465572,-122.835889
45.465563,-122.830132
45.481302,-122.781966
45.479129,-122.778791
45.476439,-122.799211
45.4765,-122.794233
45.476501,-122.78454
45.475738,-122.778606
45.479161,-122.778611
45.481461,-122.782457
45.483811,-122.783581
45.4838,-122.789456
45.483666,-122.789073
45.483647,-122.782894
45.474825,-122.778974
45.476709,-122.784726
45.47669,-122.79361
45.483276,-122.794565
45.485276,-122.795199
45.483996,-122.795357
45.526555,-122.63766
45.545551,-122.469709
45.545215,-122.461755
45.543086,-122.445215
45.544828,-122.456051
45.54414,-122.450596
45.543194,-122.445192
45.544285,-122.450611
45.54491,-122.455253
45.545779,-122.470137
45.332639,-122.578702
45.53605,-122.620214
45.521833,-122.689816
45.521321,-122.689886
45.485202,-122.761134
45.488423,-122.756658
45.490899,-122.757477
45.491109,-122.76071
45.486439,-122.760987
45.485121,-122.764844
45.527631,-122.43342
45.529378,-122.433778
45.530036,-122.433474
45.532958,-122.433524
45.542427,-122.432704
45.542511,-122.434292
45.469375,-122.794151
45.469897,-122.800213
45.470155,-122.800408
45.549738,-122.910489
45.550084,-122.90996
45.519153,-122.407671
45.529818,-122.840117
45.503729,-122.436147
45.516602,-122.792756
45.545324,-122.464724
45.49133,-122.801723
45.500584,-122.833325
45.491696,-122.8012
45.500249,-122.832785
45.490425,-122.807441
45.490501,-122.806766
45.495421,-122.821806
45.495102,-122.821238
45.505399,-122.842424
45.505058,-122.841872
45.510134,-122.851732
45.509777,-122.851193
45.517117,-122.869874
45.517375,-122.870518
45.523319,-122.889131
45.523082,-122.888511
45.530257,-122.915467
45.530298,-122.916198
45.526924,-122.946499
45.527041,-122.945808
45.530012,-122.93038
45.529921,-122.93112
45.521102,-122.969152
45.521231,-122.969867
45.521288,-122.978017
45.521315,-122.978728
45.521431,-122.985653
45.521357,-122.984926
45.522204,-122.991022
45.520206,-122.99501
45.537194,-122.910038
45.545472,-122.464154
45.522923,-122.689692
45.502743,-122.687423
45.594606,-122.678533
45.517258,-122.869868
45.51737,-122.869791
45.513043,-122.756172
45.528064,-122.672947
45.529926,-122.675158
45.533016,-122.679958
45.536551,-122.685954
45.538204,-122.688806
45.541268,-122.693794
45.542445,-122.695684
45.544439,-122.698911
45.527506,-122.672619
45.529953,-122.675528
45.532576,-122.679514
45.536086,-122.68547
45.537977,-122.688876
45.541256,-122.694226
45.542132,-122.695727
45.550108,-122.969371
45.550118,-122.974134
45.530395,-122.916207
45.522659,-122.985446
45.522751,-122.989504
45.526193,-122.989612
45.52855,-122.98956
45.531512,-122.989501
45.540877,-122.995638
45.53968,-122.995681
45.54427,-122.995546
45.548473,-122.995423
45.549727,-122.994384
45.549767,-122.98922
45.549804,-122.9864
45.54992,-122.979986
45.549967,-122.973751
45.549948,-122.969595
45.542515,-122.966481
45.53999,-122.965265
45.540046,-122.962114
45.540039,-122.959648
45.538891,-122.957145
45.527198,-122.94588
45.521496,-122.984845
45.521505,-122.98544
45.521501,-122.985742
45.495156,-122.821675
45.495066,-122.821434
45.551821,-122.539187
45.531489,-122.94652
45.53869,-122.956958
45.540146,-122.966167
45.540174,-122.961994
45.542174,-122.966226
45.510098,-122.780757
45.510073,-122.781743
45.509927,-122.781339
45.510002,-122.781544
45.49093,-122.801741
45.491385,-122.801308
45.550106,-122.979493
45.549969,-122.986109
45.549935,-122.989039
45.549901,-122.993307
45.540758,-122.995865
45.53877,-122.995916
45.5429,-122.995811
45.548729,-122.995633
45.527744,-122.989739
45.531532,-122.989683
45.525958,-122.989775
45.52384,-122.988064
45.523158,-122.986214
45.544348,-122.929536
45.550744,-122.927202
45.548969,-122.933363
45.518702,-122.433929
45.534419,-122.874798
45.536047,-122.881268
45.537021,-122.883858
45.538104,-122.887337
45.539683,-122.894453
45.53961,-122.901432
45.537277,-122.905864
45.535046,-122.908354
45.535767,-122.88121
45.537014,-122.884504
45.537977,-122.887855
45.534132,-122.875313
45.53917,-122.893216
45.530569,-122.956322
45.533439,-122.93412
45.539516,-122.898456
45.537431,-122.90537
45.534953,-122.907903
45.534287,-122.877189
45.530116,-122.914583
45.490098,-122.79027
45.489696,-122.790029
45.50839,-122.782033
45.532747,-122.912371
45.530494,-122.914853
45.526857,-122.914863
45.52195,-122.914809
45.520017,-122.921603
45.52002,-122.928828
45.52,-122.932054
45.519785,-122.921965
45.519804,-122.929279
45.519794,-122.932079
45.53242,-122.91245
45.526629,-122.91461
45.522302,-122.9146
45.538038,-122.870388
45.547081,-122.932369
45.544393,-122.926328
45.544317,-122.712829
45.544289,-122.716052
45.544321,-122.718793
45.546293,-122.718864
45.562504,-122.834813
45.565138,-122.835598
45.564985,-122.844597
45.564202,-122.848043
45.563013,-122.855855
45.530264,-122.842632
45.534491,-122.840715
45.538279,-122.8403
45.54058,-122.840227
45.542311,-122.840189
45.544608,-122.838209
45.547127,-122.836729
45.550525,-122.836708
45.553566,-122.836628
45.555671,-122.836656
45.559705,-122.834343
45.602109,-122.762344
45.564868,-122.844228
45.564046,-122.847863
45.56291,-122.856081
45.562769,-122.835087
45.56492,-122.835676
45.55957,-122.83467
45.556034,-122.836897
45.554042,-122.836939
45.550835,-122.836928
45.546976,-122.836948
45.544655,-122.838518
45.542196,-122.840455
45.540505,-122.840504
45.538215,-122.840575
45.530552,-122.842988
45.518236,-122.694089
45.517989,-122.693544
45.510653,-122.71634
45.510661,-122.717244
45.533334,-122.449344
45.520034,-123.003193
45.507178,-122.824454
45.507117,-122.824946
45.428883,-122.537612
45.427103,-122.530927
45.427452,-122.531871
45.426532,-122.52707
45.42681,-122.527412
45.424973,-122.520874
45.425133,-122.520574
45.424798,-122.516551
45.425034,-122.516665
45.423586,-122.512438
45.422645,-122.512318
45.432382,-122.617247
45.54104,-122.874575
45.522616,-122.792885
45.524039,-122.914825
45.523814,-122.914594
45.536859,-122.910191
45.501051,-122.937944
45.635397,-122.769526
45.63503,-122.769803
45.47548,-122.866867
45.517468,-122.692772
45.535111,-122.989812
45.538111,-122.392757
45.538396,-122.392799
45.40224,-122.710596
45.497873,-122.685901
45.589485,-122.754788
45.43034,-122.769114
45.559179,-122.658385
45.392613,-122.430007
45.392419,-122.430089
45.477256,-122.634547
45.503225,-122.952076
45.533817,-122.923592
45.532514,-122.93827
45.546912,-122.481823
45.48993,-122.597687
45.532846,-122.937853
45.54019,-122.95984
45.428212,-122.536913
45.425033,-122.543665
45.419728,-122.555165
45.420191,-122.550129
45.424918,-122.544245
45.424942,-122.541397
45.424883,-122.538524
45.465573,-122.827933
45.433509,-122.549033
45.430448,-122.540856
45.422957,-122.507258
45.419996,-122.507123
45.420167,-122.50695
45.410909,-122.507955
45.410843,-122.50781
45.414112,-122.527719
45.413977,-122.527632
45.414066,-122.53482
45.413939,-122.534876
45.416478,-122.537862
45.416381,-122.538049
45.420884,-122.537937
45.420283,-122.538122
45.424676,-122.561716
45.426982,-122.563002
45.47135,-122.851939
45.470943,-122.85173
45.323773,-122.343288
45.548763,-122.966481
45.548558,-122.9663
45.545595,-122.966485
45.545167,-122.966233
45.532029,-122.698763
45.533795,-122.9569
45.534172,-122.957105
45.521307,-122.988197
45.610649,-122.796029
45.509616,-122.683593
45.41439,-122.505587
45.464947,-122.646937
45.448083,-122.612043
45.42813,-122.714739
45.468462,-122.567216
45.414554,-122.505397
45.551157,-122.50394
45.502307,-122.713181
45.533965,-122.851032
45.527512,-122.701799
45.545851,-122.47658
45.546176,-122.477894
45.533837,-122.851519
45.384694,-122.608061
45.378923,-122.603649
45.37586,-122.602002
45.385627,-122.608407
45.379774,-122.603875
45.376226,-122.601755
45.381767,-122.605447
45.381481,-122.605582
45.534255,-122.650682
45.465722,-122.832654
45.465573,-122.832088
45.481136,-122.85166
45.501624,-122.713154
45.430329,-122.579329
45.360143,-122.604285
45.484346,-122.762978
45.51661,-122.610602
45.583567,-122.632794
45.551128,-122.5031
45.552351,-122.520022
45.548941,-122.718825
45.542603,-122.878518
45.542548,-122.879011
45.561597,-122.666828
45.515523,-122.867812
45.475871,-122.723251
45.333565,-122.591881
45.500663,-122.654335
45.609982,-122.69438
45.479391,-122.608814
45.549872,-122.983731
45.479086,-122.60961
45.438397,-122.618824
45.43817,-122.618633
45.510277,-122.682286
45.574658,-122.661477
45.476697,-122.78714
45.383557,-122.392172
45.383648,-122.392145
45.54563,-122.569881
45.344527,-122.667062
45.352038,-122.658313
45.545682,-122.472722
45.559201,-122.56538
45.558829,-122.565861
45.57239,-122.55829
45.572075,-122.5577
45.577359,-122.567151
45.576861,-122.567141
45.587584,-122.5931
45.431729,-122.544321
45.521738,-122.704463
45.593672,-122.665648
45.593873,-122.665656
45.431779,-122.543587
45.4903,-122.575624
45.548353,-122.617417
45.548233,-122.61717
45.548174,-122.593026
45.538924,-122.399995
45.494081,-122.826014
45.562623,-122.593718
45.562797,-122.593828
45.584101,-122.707659
45.497026,-122.686521
45.505324,-122.618403
45.594856,-122.741381
45.509323,-122.814678
45.539056,-122.400211
45.405588,-122.764643
45.504948,-122.747327
45.50352,-122.749187
45.503232,-122.749198
45.438965,-122.753436
45.488552,-122.815398
45.424971,-122.592876
45.524446,-122.398293
45.524137,-122.398608
45.390424,-122.436033
45.548214,-122.671762
45.548323,-122.67206
45.4248,-122.592917
45.500913,-122.427922
45.498868,-122.427625
45.396557,-122.486992
45.396119,-122.487731
45.602148,-122.762435
45.441495,-122.80037
45.544075,-122.477486
45.384309,-122.583907
45.507127,-122.675992
45.508087,-122.67598
45.559031,-122.557982
45.567236,-122.538107
45.562619,-122.527475
45.559438,-122.509394
45.558789,-122.505891
45.556459,-122.495494
45.546312,-122.477303
45.545689,-122.477069
45.556495,-122.494559
45.558644,-122.504229
45.559656,-122.509881
45.562038,-122.520794
45.562959,-122.527996
45.565968,-122.534194
45.568243,-122.548041
45.565294,-122.554826
45.561706,-122.554821
45.560206,-122.554808
45.534212,-122.556993
45.533483,-122.558544
45.518832,-122.791573
45.529925,-122.689587
45.529997,-122.684611
45.528742,-122.682374
45.526605,-122.682297
45.523784,-122.682223
45.545208,-122.39086
45.516402,-122.685301
45.515106,-122.686081
45.518825,-122.791333
45.512922,-122.681042
45.511708,-122.681315
45.51222,-122.682078
45.514548,-122.68498
45.513054,-122.684553
45.519207,-122.682443
45.520567,-122.681724
45.523593,-122.681083
45.526446,-122.68118
45.528572,-122.68125
45.531503,-122.685357
45.531434,-122.689417
45.531346,-122.694455
45.531308,-122.696445
45.558779,-122.554923
45.55811,-122.547622
45.557506,-122.540998
45.556461,-122.533733
45.555684,-122.529331
45.554945,-122.525173
45.554119,-122.5205
45.552788,-122.513004
45.552337,-122.510506
45.523037,-122.681435
45.522905,-122.681294
45.534366,-122.623829
45.549183,-122.586501
45.47038,-122.723235
45.535396,-122.700964
45.522985,-122.688091
45.555894,-122.571216
45.5103,-122.434201
45.552443,-122.510045
45.554403,-122.520926
45.553157,-122.514135
45.555197,-122.525707
45.555809,-122.529153
45.556619,-122.533684
45.557756,-122.54169
45.558267,-122.547158
45.536976,-122.61823
45.315225,-122.343254
45.315276,-122.343088
45.555532,-122.557917
45.552073,-122.557968
45.555276,-122.557637
45.463752,-122.701299
45.452942,-122.723053
45.534031,-122.578772
45.470622,-122.688578
45.461082,-122.705448
45.558282,-122.565304
45.558368,-122.564954
45.558622,-122.564652
45.558499,-122.564796
45.558736,-122.564507
45.502718,-122.427108
45.50287,-122.42659
45.503008,-122.42684
45.5299,-122.563177
45.467829,-122.714187
45.533492,-122.656463
45.534439,-122.656687
45.533144,-122.620572
45.533228,-122.620613
45.533289,-122.620589
45.533351,-122.620566
45.533528,-122.620249
45.433404,-122.766038
45.545836,-122.472617
45.531573,-122.657075
45.522766,-122.55929
45.515938,-122.398608
45.516018,-122.398297
45.519526,-122.557707
45.429636,-122.799452
45.45497,-122.720127
45.454738,-122.721035
45.431685,-122.605918
45.548962,-122.907871
45.549118,-122.90842
45.452892,-122.721697
45.532011,-122.660549
45.562797,-122.662484
45.583218,-122.744042
45.530399,-122.654674
45.557314,-122.499476
45.557639,-122.499903
45.510045,-122.675946
45.509749,-122.67571
45.490427,-122.832423
45.518206,-122.557495
45.613925,-122.704467
45.596548,-122.749858
45.57022,-122.610058
45.499288,-122.682745
45.513704,-122.683913
45.517236,-122.795563
45.553094,-122.481264
45.553316,-122.480826
45.620762,-122.810968
45.534432,-122.989641
45.515418,-122.555472
45.514674,-122.554502
45.483411,-122.526394
45.425084,-122.780748
45.464181,-122.699936
45.523,-122.683629
45.519254,-122.50396
45.550515,-122.499924
45.51811,-122.477135
45.36169,-122.599785
45.51849,-122.706187
45.595007,-122.635862
45.471017,-122.689111
45.539984,-122.477449
45.430727,-122.578972
45.468708,-122.692126
45.451098,-122.672507
45.535039,-122.622754
45.351332,-122.613601
45.51479,-122.554625
45.434992,-122.562252
45.435182,-122.562141
45.559029,-122.643983
45.55911,-122.643745
45.335254,-122.589452
45.332409,-122.578672
45.559053,-122.658734
45.610153,-122.795855
45.534238,-122.666586
45.346763,-122.596759
45.346735,-122.596555
45.514994,-122.660668
45.516858,-122.660629
45.514267,-122.681095
45.533479,-122.622769
45.60175,-122.788084
45.531159,-122.66293
45.39657,-122.571956
45.605354,-122.685706
45.596116,-122.685731
45.583792,-122.685879
45.576578,-122.682163
45.569349,-122.682217
45.562205,-122.682297
45.555097,-122.682294
45.549123,-122.681061
45.539481,-122.67536
45.530091,-122.667769
45.53028,-122.667879
45.539626,-122.675617
45.548308,-122.680925
45.555278,-122.682282
45.563117,-122.68215
45.570416,-122.682062
45.577642,-122.682004
45.583927,-122.685944
45.596147,-122.685562
45.433315,-122.560659
45.438627,-122.825468
45.558992,-122.634961
45.49714,-122.533848
45.360297,-122.612552
45.360583,-122.612652
45.347393,-122.644516
45.347312,-122.644257
45.519937,-122.917465
45.520206,-122.917079
45.542507,-122.439439
45.542392,-122.440852
45.414667,-122.716685
45.410907,-122.718988
45.404275,-122.730396
45.40219,-122.733606
45.399397,-122.738168
45.398774,-122.738758
45.401809,-122.733804
45.403895,-122.730556
45.410972,-122.718545
45.414238,-122.716514
45.496487,-122.504306
45.476138,-122.720279
45.433977,-122.71365
45.406738,-122.678215
45.486766,-122.803382
45.529875,-122.667658
45.529724,-122.666322
45.54764,-122.485808
45.547448,-122.485701
45.530712,-122.665999
45.593995,-122.730244
45.595413,-122.732285
45.596992,-122.736243
45.600823,-122.742327
45.603598,-122.749144
45.606526,-122.684989
45.593756,-122.665338
45.526517,-122.586648
45.606312,-122.684303
45.600459,-122.742188
45.596541,-122.735873
45.595234,-122.732282
45.59388,-122.730509
45.59049,-122.756535
45.603875,-122.750288
45.539549,-122.675234
45.538115,-122.674426
45.538047,-122.674731
45.532205,-122.671298
45.608596,-122.759341
45.608505,-122.758927
45.496026,-122.812391
45.495942,-122.812615
45.497385,-122.604775
45.497381,-122.599036
45.497337,-122.585473
45.497528,-122.586191
45.497563,-122.597165
45.497565,-122.606316
45.437803,-122.566898
45.437322,-122.566417
45.43384,-122.551781
45.433785,-122.555089
45.408291,-122.532945
45.408509,-122.533027
45.343837,-122.596085
45.344002,-122.59641
45.592164,-122.757933
45.59136,-122.757363
45.593867,-122.755506
45.510221,-122.782164
45.397666,-122.749002
45.397155,-122.749741
45.568342,-122.705451
45.566633,-122.701909
45.56884,-122.701825
45.56907,-122.705742
45.418371,-122.537855
45.418121,-122.538096
45.515274,-122.675621
45.410707,-122.575788
45.413357,-122.57723
45.416143,-122.578651
45.418093,-122.579796
45.421435,-122.58167
45.421087,-122.581682
45.41834,-122.580127
45.416226,-122.578918
45.413523,-122.577507
45.410581,-122.575378
45.407841,-122.573371
45.433565,-122.552389
45.430423,-122.79511
45.534201,-122.670244
45.510203,-122.679598
45.508792,-122.676574
45.507069,-122.673924
45.507139,-122.67414
45.50895,-122.676531
45.510277,-122.679813
45.566471,-122.708311
45.454446,-122.752871
45.519248,-122.470194
45.51905,-122.47003
45.453287,-122.773732
45.446196,-122.776126
45.446077,-122.77652
45.49265,-122.782949
45.496454,-122.770404
45.487523,-122.811789
45.448536,-122.641816
45.448642,-122.641955
45.613326,-122.703591
45.490821,-122.735652
45.474763,-122.690855
45.421824,-122.765834
45.504821,-122.425493
45.591233,-122.717753
45.59115,-122.718054
45.588703,-122.71548
45.453087,-122.677914
45.475772,-122.696293
45.448433,-122.67199
45.380487,-122.831711
45.588621,-122.714636
45.552543,-122.727805
45.508148,-122.578558
45.502929,-122.42814
45.499337,-122.671815
45.52304,-122.591438
45.505518,-122.681879
45.509479,-122.681344
45.513751,-122.675585
45.5147,-122.679167
45.514806,-122.679535
45.516919,-122.690692
45.51421,-122.680655
45.513954,-122.679634
45.513088,-122.676402
45.531535,-122.68332
45.52042,-122.671994
45.540669,-122.386451
45.45714,-122.638804
45.499497,-122.683919
45.499271,-122.67101
45.367575,-122.845869
45.500655,-122.931766
45.396753,-122.743478
45.497985,-122.431377
45.497187,-122.441719
45.497141,-122.451311
45.496998,-122.441134
45.497019,-122.437822
45.497219,-122.438784
45.542688,-122.937027
45.496182,-122.671942
45.493891,-122.671376
45.495594,-122.670933
45.498939,-122.670739
45.539589,-122.938562
45.51212,-122.62943
45.505319,-122.842061
45.489814,-122.56311
45.42541,-122.506593
45.426984,-122.501339
45.425259,-122.507814
45.421156,-122.558558
45.490012,-122.563338
45.596301,-122.685445
45.43731,-122.573312
45.437504,-122.574003
45.425009,-122.513078
45.424743,-122.512964
45.422511,-122.506959
45.493622,-122.803376
45.49323,-122.802749
45.522546,-122.562476
45.392956,-122.461057
45.392542,-122.461217
45.519161,-122.52982
45.487818,-122.800725
45.488206,-122.801264
45.519217,-122.517414
45.51895,-122.533231
45.507906,-122.400104
45.51899,-122.443264
45.519053,-122.488693
45.52281,-122.604655
45.44718,-122.588618
45.519162,-122.412975
45.426904,-122.754632
45.441394,-122.733741
45.508965,-122.763858
45.518954,-122.417221
45.400505,-122.751147
45.462169,-122.757871
45.463699,-122.75588
45.543853,-122.698522
45.555539,-122.573599
45.509738,-122.795477
45.509429,-122.795266
45.452817,-122.675109
45.468705,-122.592141
45.543084,-122.937266
45.533771,-122.498859
45.518484,-122.398609
45.47661,-122.539648
45.498613,-122.427832
45.427914,-122.780388
45.51339,-122.879632
45.512273,-122.879419
45.440887,-122.571264
45.591283,-122.63585
45.489923,-122.794848
45.51637,-122.639248
45.402881,-122.723206
45.49064,-122.801157
45.457587,-122.786997
45.429936,-122.769527
45.383621,-122.764504
45.311358,-122.775303
45.430229,-122.769834
45.494953,-122.475695
45.432104,-122.560692
45.384742,-122.75967
45.382861,-122.764363
45.37947,-122.763554
45.378865,-122.759838
45.378996,-122.759798
45.379605,-122.764179
45.383302,-122.764129
45.384573,-122.759412
45.542724,-122.428074
45.542981,-122.423488
45.542818,-122.420683
45.533597,-122.433746
45.542942,-122.419965
45.542868,-122.427935
45.348572,-122.635756
45.396379,-122.48359
45.545863,-122.934324
45.551836,-122.543937
45.551934,-122.53471
45.553154,-122.533513
45.482695,-122.555497
45.515633,-122.680381
45.513986,-122.564467
45.503123,-122.566663
45.495503,-122.56617
45.490868,-122.566315
45.480188,-122.566871
45.467602,-122.566761
45.453138,-122.573578
45.435721,-122.567769
45.453637,-122.573656
45.468068,-122.566542
45.480686,-122.566745
45.491369,-122.566229
45.495991,-122.566198
45.503608,-122.566584
45.514525,-122.564413
45.545599,-122.510222
45.545413,-122.510062
45.537288,-122.532221
45.468261,-122.565355
45.408986,-122.573121
45.43301,-122.620047
45.433251,-122.62036
45.398926,-122.586052
45.581349,-122.661186
45.390502,-122.584171
45.52286,-122.59812
45.406033,-122.502511
45.590297,-122.663626
45.590146,-122.662322
45.543004,-122.908682
45.543494,-122.909584
45.513593,-122.680499
45.521751,-122.676914
45.516403,-122.679839
45.522894,-122.677232
45.522966,-122.675582
45.523595,-122.670403
45.507144,-122.674544
45.494384,-122.672042
45.493472,-122.672863
45.499184,-122.672726
45.422981,-122.630256
45.340798,-122.593763
45.526391,-122.64116
45.52656,-122.641277
45.396533,-122.743211
45.4263,-122.76594
45.48371,-122.806833
45.485572,-122.472458
45.496759,-122.475694
45.554086,-122.489742
45.553802,-122.489805
45.514405,-122.839367
45.5293,-122.840685
45.436339,-122.746764
45.501098,-122.428024
45.58753,-122.752126
45.625287,-122.816601
45.391534,-122.619234
45.489878,-122.566861
45.490107,-122.567278
45.479586,-122.567497
45.548608,-122.719003
45.546127,-122.719019
45.544358,-122.719028
45.544174,-122.715143
45.544163,-122.713414
45.544856,-122.711739
45.483431,-122.529278
45.477098,-122.523669
45.435538,-122.568155
45.435666,-122.568707
45.508498,-122.601722
45.386466,-122.58497
45.521546,-122.974041
45.564536,-122.746772
45.563995,-122.746457
45.504331,-122.566916
45.504577,-122.567451
45.511054,-122.682648
45.526745,-122.814973
45.537293,-122.378245
45.540825,-122.385117
45.520649,-122.472723
45.499294,-122.813692
45.522823,-122.653824
45.523661,-122.653391
45.523691,-122.658549
45.523699,-122.661535
45.537108,-122.380887
45.537255,-122.380856
45.521593,-122.47441
45.508293,-122.441843
45.507972,-122.441302
45.388165,-122.586235
45.388227,-122.5853
45.526771,-122.797066
45.497778,-122.398946
45.493776,-122.398963
45.493804,-122.398642
45.570829,-122.614742
45.49817,-122.424482
45.49792,-122.424876
45.49147,-122.398983
45.492321,-122.398677
45.444786,-122.640713
45.543161,-122.423366
45.596766,-122.749011
45.526422,-122.533585
45.459121,-122.787817
45.445098,-122.640508
45.33519,-122.775493
45.361591,-122.364071
45.361685,-122.363893
45.590744,-122.664957
45.50775,-122.880584
45.496052,-122.881014
45.483984,-122.45309
45.48408,-122.453311
45.484274,-122.447806
45.533549,-122.449126
45.630885,-122.753469
45.519226,-122.462209
45.612458,-122.762611
45.61269,-122.763
45.550042,-122.984049
45.53484,-122.912119
45.534162,-122.870424
45.541235,-122.390398
45.3674,-122.841417
45.519246,-122.488744
45.519857,-122.949101
45.48818,-122.377299
45.48259,-122.372789
45.476083,-122.372831
45.48911,-122.398653
45.478503,-122.388731
45.478815,-122.388771
45.488643,-122.398344
45.476036,-122.37262
45.483048,-122.372615
45.488317,-122.376921
45.529213,-122.654109
45.539682,-122.38845
45.580774,-122.661464
45.498255,-122.712831
45.506493,-122.702323
45.508676,-122.701323
45.421022,-122.547733
45.488175,-122.810068
45.45495,-122.744275
45.478787,-122.859896
45.447796,-122.765609
45.452912,-122.776915
45.411281,-122.749157
45.51696,-122.661919
45.514669,-122.661902
45.526901,-122.797439
45.490797,-122.730634
45.451343,-122.775424
45.451507,-122.775995
45.421953,-122.75185
45.559038,-122.555448
45.333759,-122.591278
45.537709,-122.418209
45.519178,-122.575648
45.519626,-122.660644
45.528881,-122.477191
45.503115,-122.672793
45.503287,-122.672734
45.367791,-122.616513
45.53128,-122.681364
45.530059,-122.680499
45.534433,-122.669221
45.534426,-122.663835
45.53441,-122.660223
45.533339,-122.658607
45.530714,-122.658623
45.528685,-122.660504
45.519102,-122.661874
45.512514,-122.661954
45.507038,-122.663345
45.512829,-122.660687
45.534798,-122.660548
45.535034,-122.663538
45.53445,-122.669522
45.530904,-122.682456
45.611596,-122.677115
45.561519,-122.509874
45.372874,-122.377309
45.372943,-122.377125
45.597097,-122.670038
45.431378,-122.769751
45.554215,-122.731958
45.558615,-122.557639
45.503875,-122.82618
45.596744,-122.669853
45.439265,-122.727191
45.468046,-122.718029
45.595532,-122.667927
45.358238,-122.60327
45.471538,-122.375957
45.55457,-122.573172
45.385386,-122.45369
45.385127,-122.453247
45.364259,-122.367592
45.402851,-122.500449
45.405736,-122.501939
45.557551,-122.844429
45.55774,-122.848627
45.556383,-122.851999
45.553346,-122.853041
45.550396,-122.85491
45.545962,-122.856088
45.543445,-122.856073
45.540113,-122.861478
45.542518,-122.866419
45.542341,-122.866449
45.543458,-122.85589
45.546288,-122.855941
45.550753,-122.854326
45.55671,-122.851763
45.557616,-122.848104
45.557141,-122.843793
45.516483,-122.660956
45.553334,-122.852827
45.497779,-122.647864
45.565759,-122.85846
45.482576,-122.736292
45.497192,-122.648367
45.496055,-122.881233
45.509517,-122.879424
45.493542,-122.578886
45.506951,-122.663364
45.507902,-122.680154
45.502693,-122.671141
45.506475,-122.662559
45.502604,-122.652986
45.497644,-122.648178
45.490639,-122.64854
45.474667,-122.63999
45.462631,-122.637423
45.441027,-122.640056
45.430734,-122.635065
45.44143,-122.63982
45.462984,-122.63785
45.475104,-122.640055
45.491139,-122.648456
45.498131,-122.648142
45.502953,-122.653516
45.506618,-122.662862
45.502716,-122.671539
45.507942,-122.680858
45.502797,-122.670872
45.502618,-122.671791
45.434869,-122.699044
45.429572,-122.748152
45.526334,-122.616283
45.360068,-122.601432
45.462034,-122.629962
45.612309,-122.684608
45.425378,-122.645587
45.482306,-122.570758
45.367169,-122.841252
45.47947,-122.694281
45.476186,-122.711952
45.476067,-122.711253
45.462741,-122.637156
45.46222,-122.637135
45.506493,-122.662291
45.506602,-122.663155
45.485741,-122.538016
45.441578,-122.639487
45.442534,-122.640041
45.504815,-122.658124
45.510133,-122.682088
45.474182,-122.63978
45.474312,-122.640158
45.448237,-122.598861
45.448103,-122.59908
45.452025,-122.598914
45.453124,-122.599046
45.457056,-122.601745
45.456611,-122.600889
45.457994,-122.604715
45.457651,-122.604178
45.502586,-122.65436
45.500809,-122.653283
45.451903,-122.715504
45.402381,-122.5855
45.460549,-122.612758
45.460314,-122.612365
45.462561,-122.629408
45.535837,-122.428602
45.499138,-122.674902
45.464557,-122.669197
45.465421,-122.668868
45.598352,-122.660276
45.505582,-122.658631
45.380686,-122.769978
45.379232,-122.774299
45.378147,-122.781521
45.373248,-122.791552
45.371348,-122.795163
45.369213,-122.808294
45.368471,-122.815627
45.368004,-122.823805
45.367865,-122.835822
45.367668,-122.834775
45.369347,-122.805028
45.370752,-122.796108
45.37237,-122.792622
45.377696,-122.782385
45.378772,-122.775014
45.38009,-122.77089
45.381105,-122.764806
45.397122,-122.733795
45.39713,-122.737958
45.397002,-122.737684
45.396996,-122.733007
45.533593,-122.922925
45.487817,-122.37261
45.437228,-122.756234
45.438329,-122.583291
45.438207,-122.580307
45.438358,-122.580461
45.438435,-122.583368
45.593068,-122.757508
45.59279,-122.757332
45.504032,-122.516459
45.533551,-122.569167
45.426618,-122.502631
45.426869,-122.497262
45.428972,-122.489458
45.426947,-122.485927
45.426976,-122.489235
45.42709,-122.497345
45.444124,-122.686675
45.531518,-122.645372
45.532833,-122.694736
45.407581,-122.764654
45.461699,-122.589282
45.596641,-122.674647
45.600217,-122.677237
45.599807,-122.676919
45.596736,-122.675103
45.594487,-122.67871
45.594315,-122.68219
45.555468,-122.561417
45.555432,-122.56373
45.487007,-122.818204
45.486769,-122.818512
45.522787,-122.68985
45.469256,-122.795208
45.469268,-122.790992
45.444481,-122.765747
45.438275,-122.765496
45.435129,-122.765258
45.472845,-122.800413
45.43523,-122.765056
45.438271,-122.765259
45.444003,-122.765507
45.469412,-122.790516
45.473769,-122.800209
45.556588,-122.491774
45.558704,-122.495761
45.557996,-122.500318
45.553022,-122.500333
45.546434,-122.495977
45.539802,-122.495921
45.537308,-122.495934
45.534701,-122.495977
45.529798,-122.496214
45.526033,-122.496593
45.522537,-122.496611
45.518322,-122.496655
45.513462,-122.49669
45.509958,-122.496706
45.507084,-122.496748
45.504117,-122.49681
45.50016,-122.497021
45.494563,-122.496025
45.495551,-122.496511
45.500264,-122.496695
45.504984,-122.496497
45.507552,-122.496409
45.510643,-122.49639
45.513862,-122.49637
45.51962,-122.496313
45.52269,-122.496268
45.527103,-122.496208
45.52981,-122.49606
45.53462,-122.495651
45.537379,-122.495644
45.539641,-122.495624
45.545961,-122.495702
45.553143,-122.500143
45.497644,-122.406523
45.497235,-122.406978
45.55503,-122.39933
45.55085,-122.388776
45.547082,-122.391339
45.443446,-122.630238
45.432505,-122.586608
45.432483,-122.58274
45.432646,-122.582746
45.432642,-122.587632
45.431973,-122.596299
45.430823,-122.60306
45.443754,-122.630104
45.547038,-122.391187
45.551362,-122.388561
45.552041,-122.398732
45.55363,-122.407683
45.446212,-122.765462
45.337089,-122.590885
45.430582,-122.788048
45.479666,-122.567799
45.469298,-122.780037
45.524136,-122.701652
45.49638,-122.56193
45.322016,-122.575339
45.450364,-122.578885
45.301632,-122.338309
45.301621,-122.338512
45.542618,-122.67182
45.535446,-122.698388
45.534024,-122.690726
45.530436,-122.690576
45.525424,-122.690417
45.525585,-122.689242
45.529825,-122.6894
45.534456,-122.689571
45.535621,-122.695164
45.416176,-122.584896
45.416184,-122.589767
45.416049,-122.589638
45.416055,-122.584291
45.41604,-122.579352
45.392001,-122.575155
45.369722,-122.59031
45.369773,-122.589392
45.392762,-122.574625
45.442219,-122.765631
45.44231,-122.765454
45.349155,-122.66704
45.323727,-122.343513
45.353731,-122.61039
45.476257,-122.728853
45.533482,-122.553781
45.543249,-122.5577
45.50493,-122.428412
45.563673,-122.859791
45.562942,-122.859142
45.49872,-122.683204
45.555793,-122.838413
45.542593,-122.672101
45.357109,-122.84083
45.529964,-122.657149
45.497456,-122.525847
45.4976,-122.526584
45.497263,-122.534677
45.629603,-122.745696
45.63133,-122.753978
45.358218,-122.607503
45.55859,-122.563721
45.482886,-122.881687
45.482892,-122.881444
45.533863,-122.620154
45.533697,-122.619981
45.469391,-122.77989
45.467031,-122.716484
45.464203,-122.723252
45.454646,-122.721868
45.505307,-122.683289
45.497631,-122.399734
45.528002,-122.676978
45.318885,-122.560735
45.3189,-122.567203
45.318708,-122.567026
45.318713,-122.560059
45.565736,-122.839309
45.56565,-122.838612
45.578163,-122.661227
45.542875,-122.538412
45.327051,-122.582997
45.324629,-122.580982
45.325138,-122.581162
45.562675,-122.604139
45.434808,-122.599355
45.435331,-122.599285
45.4429,-122.599151
45.533708,-122.694625
45.572645,-122.638565
45.521764,-122.686053
45.520684,-122.681969
45.519753,-122.678471
45.518707,-122.674603
45.568129,-122.547138
45.504455,-122.63974
45.504646,-122.63958
45.503181,-122.426298
45.515321,-122.679038
45.570165,-122.609455
45.558478,-122.551399
45.558724,-122.55194
45.602281,-122.677152
45.602268,-122.677433
45.578785,-122.713763
45.577055,-122.695943
45.587387,-122.75221
45.590728,-122.755342
45.547297,-122.495849
45.52704,-122.561864
45.502039,-122.654449
45.515822,-122.683172
45.47032,-122.648246
45.500905,-122.644548
45.500394,-122.644714
45.50527,-122.609656
45.505309,-122.593031
45.504071,-122.54694
45.504458,-122.474322
45.504394,-122.442064
45.503002,-122.418757
45.503106,-122.418964
45.503543,-122.426109
45.504597,-122.436563
45.504692,-122.477085
45.504701,-122.490105
45.504523,-122.502125
45.504276,-122.54419
45.50432,-122.548804
45.505466,-122.586166
45.50541,-122.602547
45.505374,-122.610346
45.504888,-122.645979
45.504921,-122.655159
45.469946,-122.648362
45.33111,-122.572409
45.331343,-122.572291
45.539555,-122.675497
45.490463,-122.807104
45.500417,-122.833055
45.491513,-122.801462
45.572233,-122.557995
45.508106,-122.44151
45.502762,-122.653222
45.530095,-122.662224
45.596122,-122.685623
45.522636,-122.558279
45.522501,-122.537763
45.52229,-122.510651
45.522169,-122.496463
45.522094,-122.486156
45.521998,-122.477108
45.509955,-122.851463
45.526983,-122.946154
45.530554,-122.563602
45.518113,-122.693817
45.502589,-122.426996
45.505834,-122.436056
45.529966,-122.93075
45.521371,-122.985261
45.532864,-122.621038
45.530187,-122.667833
45.58386,-122.685925
45.480437,-122.566808
45.50792,-122.680513
45.530107,-122.653986
45.505228,-122.842148
45.495262,-122.821522
45.441226,-122.639938
45.57711,-122.567146
45.562668,-122.682243
45.577113,-122.682097
45.555211,-122.682302
45.528627,-122.603023
45.530103,-122.658009
45.533349,-122.578116
45.506545,-122.662753
45.520074,-122.672346
45.524937,-122.67141
45.530278,-122.915833
45.548709,-122.681011
45.559015,-122.56562
45.521577,-122.689851
45.523201,-122.888821
45.52056,-122.470815
45.569873,-122.682153
45.530145,-122.665225
45.516039,-122.460147
45.490898,-122.648507
45.497803,-122.648153
45.474888,-122.640029
45.503365,-122.566624
45.467835,-122.566652
45.453388,-122.573617
45.491118,-122.566272
45.514256,-122.56444
45.495747,-122.566184
45.462807,-122.637633
45.522984,-122.671323
45.502734,-122.671252
45.510241,-122.781028
45.430084,-122.769663
45.521301,-122.978373
45.510657,-122.716792
45.521166,-122.96951
45.517246,-122.870196